21 17 8 16 7 16 9 14 8 15 9 14 7 14 6 16 6 14 5 16 5 14 4 16 4 14 3 16 3 14 2 16 2 14 1 16 1 14 0 18 0 2 10
2 1 8 1 12
1 3 9
1 2 7
0
0
0
0
0
1 2 13
2 3 12 3 10
2 4 12 4 10
2 5 12 5 10
1 6 12
2 7 12 7 10
2 8 12 8 10
2 9 12 9 10
2 10 12 10 10
2 11 12 11 10
2 12 12 12 10
2 13 12 13 10
1 14 12
2 15 12 15 10
1 16 12
1 17 10
0
0
2 19 9 17 9
1 19 8
2 19 7 17 7
2 19 6 17 6
2 19 5 17 5
2 19 4 17 4
2 19 3 17 3
2 19 2 17 2
0
0
0
0
0
0
0
0
0
0
0
0
0
0
0
0
0
0
0
0
0
0
0
0
0
0
0
0
0
0
0
0
0
0
0
0
0
0
0
1 13 7
1 12 8
0
1 10 8
1 9 8
0
1 7 8
1 6 8
1 5 8
0
0
2 5 7 3 7
2 5 6 3 6
1 3 5
1 5 4
1 3 2
2 2 5 2 3
2 1 5 1 3
0
0
1 2 6
0
0
0
0
0
1 2 2
1 1 0
0
0
1 3 0
2 4 2 4 0
2 5 2 5 0
2 6 2 6 0
2 7 2 7 0
2 8 2 8 0
1 9 2
0
0
1 11 2
1 12 2
0
0
0
1 12 3
0
1 12 6
1 11 5
0
0
0
1 8 4
1 7 4
0
0
1 7 5
1 7 6
0
0
0
0
0
0
0
0
0
0
0
0
0
0
0
0
0
0
0
0
0
0
0
0
0
0
0
0
0
0
0
0
0
0
0
0
0
0
0
0
0
0
0
0
0
0
0
0
0
0
0
0
0
0
0
0
0
0
0
0
0
0
0
0
1 17 13
1 17 14
1 17 15
2 19 16 17 16
2 19 17 17 17
1 19 18
1 19 19
0
1 16 17
1 15 17
0
1 13 17
1 12 17
1 11 17
0
1 10 16
1 8 17
0
1 7 16
1 8 14
1 6 15
0
1 5 14
0
0
0
1 4 14
0
0
2 4 15 2 15
2 4 16 2 16
2 4 17 2 17
2 4 18 2 18
0
0
0
0
0
0
0
0
0
0
0
0
0
1 11 14
0
1 12 15
0
0
0
0
0
0
0
0
0
0
0
0
0
0
0
0
0
0
0
0
1 5 17
0
1 7 17
0
0
0
0
0
0
0
0
0
0
0
0
0
0
0
0
0
0
0
0
0
0
0
0
1 13 15
1 14 15
1 15 15
0
0
1 15 14
0
0
0
0
0
0
0
0
0
0
0
0
0
0
0
0
0
0
0
0
0
0
0
0
0
0
0
1 1 17
0
0
0
0
0
0
0
0
0
0
0
0
0
0
0
0
0
0
0
0
0
0
0
0
0
0
0
0
0
0
0
0
0
0
0
0
0
0
0
0
0
0
0
0
0
0
0
0
0
0
0
0
0
0
0
0
0
0
0
0
0
0
0
0
0
0
0
0
0
0
0
0
0
0
0
0
0
0
0
0
0
0
0
0
0
0
0
0
0
0
0
0
0
0
0
0
0
0
0
0
0
0
0
0
0
1 9 6
0
0
0
0
0
0
0
0
0
0
0
0
0
0
0
0
0
0
0
0
0
0
0
0
0
0
0
0
0
0
0
0
0
0
0
0
0
0
0
0
0
0
0
0
0
0
0
0
0
0
0
0
0
0
0
0
0
0
0
0
0
0
0
0
0
0
0
0
0
0
0
0
0
0
0
0
0
0
0
0
0
0
0
0
0
0
0
0
0
0
0
0
0
0
0
0
0
0
0
0
0
0
0
0
0
0
0
0
0
0
0
0
0
0
0
0
0
0
0
0
0
0
0
0
0
0
0
0
0
0
0
0
0
0
0
0
0
0
0
0
0
0
0
0
0
0
0
0
0
0
0
0
0
0
0
0
0
0
0
0
0
0
0
0
0
0
0
0
0
0
0
