41 17 20 16 19 16 21 14 20 15 19 14 21 14 22 16 22 14 23 16 23 14 24 16 24 14 25 18 25 16 17 17 17 18 17 19 17 20 17 21 17 22 17 23 17 24 17 25 17 19 20 12 20 15 17 17 19 19 19 19 21 12 19 13 18 14 17 11 21 10 22 10 23 12 24 10 24 2 13 0 11 0 15
2 1 11 1 15
1 3 14
0
0
0
0
1 2 10
2 3 15 3 9
2 4 13 4 11
2 5 13 5 11
1 6 9
1 8 13
1 7 15
2 5 14 9 14
1 8 16
1 10 15
1 9 17
0
0
0
0
0
0
0
1 9 12
1 7 11
0
0
0
0
0
0
0
1 5 7
0
1 6 8
1 4 6
1 2 7
1 3 4
0
1 4 5
1 2 3
0
1 1 2
0
0
0
1 1 1
1 3 0
0
0
1 5 1
0
1 4 0
1 6 2
1 5 4
0
1 6 5
1 8 4
1 7 6
1 9 5
1 8 7
1 10 6
1 9 8
1 11 7
1 10 9
1 12 8
1 11 13
0
0
0
0
1 10 11
0
1 12 14
1 13 11
2 14 13 14 11
2 15 15 15 9
1 17 13
1 16 14
0
1 13 17
0
0
1 14 16
0
0
1 11 20
1 10 17
0
1 7 19
1 8 20
1 6 21
0
0
0
1 8 23
1 6 24
1 8 25
0
0
0
0
0
0
0
0
0
0
0
0
0
0
0
0
0
0
0
0
0
0
0
0
0
0
0
0
0
0
1 16 11
0
0
0
1 16 10
1 14 8
0
0
0
0
1 17 11
2 18 15 18 9
1 20 11
0
0
1 19 13
0
1 20 14
2 21 15 21 9
0
2 22 10 20 10
0
1 22 13
0
0
2 24 15 24 9
0
1 23 10
0
0
0
1 24 6
1 23 7
1 22 5
1 21 7
1 20 7
0
0
0
1 23 6
1 21 4
1 20 5
1 19 7
1 17 5
0
0
0
1 21 3
2 22 2 16 2
1 18 0
1 17 3
1 15 1
0
1 13 0
0
0
1 12 1
2 15 2 13 2
1 15 3
1 11 4
1 15 6
0
2 12 5 16 5
1 13 6
0
0
0
1 13 8
1 12 6
0
0
0
0
0
0
1 12 2
1 10 3
1 11 1
1 7 2
0
1 9 1
0
0
0
0
0
0
0
0
0
0
0
0
0
0
0
0
0
0
0
0
0
0
0
0
0
0
0
0
0
0
0
0
0
0
0
0
0
0
0
0
0
0
0
0
1 19 14
0
0
0
0
0
0
1 19 15
1 20 19
0
0
1 23 19
0
0
0
0
0
0
0
0
0
0
0
0
0
0
0
0
0
0
0
0
0
0
0
0
0
0
0
0
0
0
0
0
0
0
0
0
0
0
0
0
0
0
0
0
0
0
0
0
0
0
0
1 21 21
0
0
0
0
1 20 25
0
0
0
0
0
0
2 19 25 19 23
1 20 23
0
1 22 23
2 23 25 23 23
0
2 25 25 25 23
0
0
1 25 22
1 23 20
0
0
0
1 21 19
0
0
0
0
0
0
0
0
0
0
0
0
0
0
0
0
0
0
0
0
0
0
0
0
0
0
0
0
0
0
0
0
0
0
0
0
0
0
0
0
0
0
0
0
0
0
0
0
0
0
0
0
0
0
0
0
0
0
0
0
0
0
0
0
0
0
0
0
0
0
0
0
0
0
0
0
0
0
0
0
0
0
0
0
0
0
0
0
0
0
0
0
0
0
0
0
0
0
0
1 16 8
0
1 18 8
0
0
0
0
0
0
0
0
0
0
0
0
0
0
0
0
0
0
0
0
0
0
0
0
0
0
0
0
0
0
0
0
0
0
0
0
0
0
0
0
0
0
0
0
0
0
0
0
0
0
0
0
0
0
0
0
1 8 17
0
0
0
0
0
0
0
0
0
0
0
0
0
1 7 20
0
0
0
0
0
0
0
0
0
0
0
0
0
0
0
0
0
0
1 4 24
0
1 2 22
1 1 24
0
0
0
0
0
2 4 23 2 23
0
1 0 21
0
1 1 20
0
0
1 5 20
1 4 19
1 0 18
1 2 16
0
0
0
0
0
0
0
0
0
0
0
0
0
0
0
0
0
0
0
0
0
0
0
0
0
0
0
0
0
0
0
0
0
0
0
0
0
0
0
0
0
0
0
0
0
0
0
0
0
0
0
0
0
0
0
0
0
0
0
0
0
0
0
0
0
0
0
0
0
0
0
0
0
0
0
0
0
0
0
0
0
0
0
0
0
0
0
0
0
0
0
0
0
0
0
0
0
0
0
0
0
0
0
0
0
0
0
0
0
0
0
0
0
0
0
0
0
0
0
0
0
0
0
0
0
0
0
0
0
0
0
0
0
0
0
0
0
0
1 22 0
0
2 24 2 24 0
2 25 2 25 0
0
0
0
0
0
1 25 4
0
0
1 23 5
0
0
0
0
0
0
0
0
0
0
0
0
0
0
0
0
0
0
0
0
0
0
0
0
0
0
0
1 22 14
0
0
0
0
0
0
0
0
0
0
0
0
0
0
0
0
0
0
0
0
0
0
0
0
0
0
0
0
0
0
0
0
0
0
0
0
0
0
0
0
0
0
0
0
0
0
0
0
0
0
0
0
0
0
0
0
0
0
0
0
0
0
0
0
0
0
0
0
0
0
0
0
0
0
0
0
0
0
0
0
0
0
0
0
0
0
0
0
0
0
0
0
0
0
0
0
0
0
0
0
0
0
0
0
0
0
0
0
0
0
0
0
0
0
0
0
0
0
0
0
0
0
0
0
0
0
0
0
0
0
0
0
0
0
0
0
0
0
0
0
0
0
0
0
0
0
0
0
0
0
0
0
0
0
0
0
0
0
0
0
0
0
0
0
0
0
0
0
0
0
0
0
0
0
0
0
0
0
0
0
0
0
0
0
0
0
0
0
0
0
0
0
0
0
0
0
0
0
0
0
0
0
0
0
0
0
0
0
0
1 1 8
0
0
0
0
0
1 2 8
0
0
0
0
0
0
0
0
0
0
0
0
0
0
0
0
0
0
0
0
0
0
0
0
0
0
0
0
0
0
0
0
0
2 9 11 9 9
0
0
0
0
0
0
0
0
0
0
0
0
0
0
0
0
0
0
0
0
0
0
0
0
0
0
0
0
0
0
0
0
0
0
0
0
0
0
0
0
0
0
0
0
0
0
0
0
0
0
0
0
0
0
0
0
0
0
0
0
0
0
0
0
0
0
0
0
0
0
0
0
0
0
0
0
0
0
0
0
0
0
0
0
0
0
0
0
0
0
0
0
0
0
0
0
0
0
0
0
0
0
0
0
0
0
0
0
0
0
0
0
0
0
0
0
0
0
0
0
0
0
0
0
0
0
0
0
0
0
0
0
0
0
0
0
0
0
0
0
0
0
0
0
0
0
0
0
0
0
0
0
0
0
0
0
0
0
0
0
0
0
0
0
0
0
0
0
0
0
0
0
0
0
0
0
0
0
0
0
0
0
0
0
0
0
0
0
0
0
0
0
0
0
0
0
0
0
0
0
0
0
0
0
0
0
0
0
0
0
0
0
0
0
0
0
0
0
0
0
0
0
0
0
0
0
0
0
0
0
0
0
0
0
0
0
0
0
0
0
0
0
0
0
0
0
0
0
0
0
0
0
0
0
0
0
0
0
0
0
0
0
0
0
0
0
0
0
0
0
0
0
0
0
0
0
0
0
0
0
0
0
0
0
0
0
0
0
0
0
0
0
0
0
0
0
0
0
0
0
0
0
0
0
0
0
0
0
0
0
1 4 14
0
0
0
0
0
0
0
0
0
0
0
0
0
0
0
0
0
0
0
0
0
0
0
0
0
0
0
0
0
0
0
0
0
0
0
0
0
0
0
0
0
0
0
0
0
0
0
