23 1 10 19 9 18 8 20 7 0 1 1 20 1 3 19 3 3 19 0 5 20 5 5 20 1 7 7 19 0 9 11 19 13 20 19 15 15 19 0 17 20 17 17 20 0 12
0
0
2 2 9 2 13
0
1 5 12
1 4 14
1 6 13
1 5 15
1 7 14
1 6 16
1 8 15
0
1 9 16
1 8 18
1 10 17
0
1 11 18
0
0
1 9 20
0
1 12 18
1 14 19
1 13 17
1 15 18
0
1 16 17
1 15 15
1 17 16
1 16 14
1 18 15
1 17 13
0
1 18 12
0
0
1 20 12
0
0
2 17 12 17 10
1 16 10
1 15 10
1 14 12
1 12 10
1 13 8
1 11 9
1 12 7
1 10 8
1 11 6
1 9 7
1 10 5
1 8 6
1 9 4
1 7 5
0
0
0
0
0
0
0
0
0
0
0
0
2 15 7 13 7
1 15 6
1 13 4
0
0
0
1 16 5
1 15 4
2 15 3 13 3
2 15 2 13 2
0
0
0
1 11 2
0
0
1 9 2
0
1 7 2
1 6 2
1 5 2
1 4 2
0
0
0
0
0
0
0
0
0
1 2 4
1 1 6
0
0
0
0
0
0
0
0
0
0
0
0
0
0
0
0
0
0
0
0
0
0
0
0
0
0
0
0
0
0
0
0
0
0
0
0
0
0
0
0
0
0
1 18 16
1 19 18
1 17 17
0
0
0
0
0
0
0
0
0
0
0
0
0
0
0
0
0
0
0
0
0
0
0
0
0
0
0
0
0
0
0
0
0
0
0
0
0
0
0
0
0
0
0
0
0
0
1 2 7
1 4 6
0
1 5 7
0
0
1 5 9
0
0
1 6 11
0
0
0
2 7 6 5 6
1 5 5
2 7 4 5 4
0
0
0
0
0
0
0
0
0
0
0
0
0
0
0
0
0
0
0
0
0
0
0
0
0
0
0
0
0
0
0
0
0
0
0
0
0
0
0
1 15 0
1 16 2
1 17 0
0
2 19 2 19 0
1 20 0
0
0
0
0
2 18 3 16 3
1 16 4
1 18 5
2 18 6 16 6
1 16 7
0
0
0
