19 14 4 13 3 11 4 12 5 12 2 11 2 10 2 10 4 9 2 8 2 8 4 6 3 7 4 6 2 6 1 8 1 4 0 2 15 0 13
1 1 13
1 3 14
1 2 12
1 4 13
1 3 11
1 5 12
1 4 10
1 6 11
1 5 9
1 7 10
1 6 8
1 8 9
1 7 7
1 9 8
1 8 6
0
0
0
0
0
0
0
0
0
0
0
0
0
0
0
0
0
0
1 3 15
1 4 15
0
1 7 17
1 6 19
2 4 18 8 18
1 7 20
1 9 19
0
0
2 9 21 7 21
1 9 22
1 7 24
1 5 23
1 6 25
1 4 24
1 5 26
1 3 25
0
0
1 5 27
0
0
0
1 6 28
2 7 30 7 28
1 8 30
2 9 30 9 28
2 10 30 10 28
2 11 30 11 28
2 12 30 12 28
2 13 30 13 28
2 14 30 14 28
2 15 30 15 28
2 16 30 16 28
2 17 30 17 28
2 18 30 18 28
2 19 30 19 28
1 20 30
1 21 28
2 22 30 22 28
2 23 30 23 28
2 24 30 24 28
2 25 30 25 28
2 26 30 26 28
1 27 30
2 28 30 28 28
0
0
2 30 27 28 27
2 30 26 28 26
2 30 25 28 25
1 30 24
2 30 23 28 23
2 30 22 28 22
1 28 21
2 30 20 28 20
0
0
0
0
0
0
2 27 18 27 16
1 26 16
2 25 18 25 16
2 24 18 24 16
2 23 18 23 16
1 22 18
1 21 18
0
0
2 19 17 19 15
2 18 17 18 15
2 17 17 17 15
1 16 17
1 14 15
1 15 13
2 13 14 17 14
0
0
0
1 18 13
2 17 12 15 12
2 17 11 15 11
1 15 10
1 17 9
1 17 8
1 15 6
1 14 9
2 13 9 13 7
2 12 9 12 7
0
0
0
0
0
0
0
1 9 6
0
1 7 6
2 6 6 6 4
1 5 4
2 4 6 4 4
2 3 6 3 4
2 2 6 2 4
2 1 6 1 4
0
0
0
0
1 2 1
1 3 2
1 4 2
0
0
0
0
0
0
0
0
0
0
0
0
0
0
0
0
0
0
0
0
0
0
0
0
0
0
0
0
0
0
0
0
0
0
0
