112 4 5 3 4 3 6 1 5 2 4 1 6 1 7 2 8 3 8 5 7 4 6 4 9 5 9 6 7 6 9 8 8 7 7 8 9 6 10 8 10 6 11 8 11 6 12 8 12 6 13 8 13 6 14 8 14 6 15 8 15 6 16 8 16 6 17 7 18 9 17 9 18 7 19 9 19 7 20 9 20 7 21 8 22 10 21 9 23 10 23 11 21 11 23 12 21 12 23 13 21 13 23 15 22 14 21 14 24 15 24 16 22 16 24 17 22 17 24 18 22 18 24 19 22 19 24 21 23 20 22 20 25 22 24 21 26 22 26 23 24 23 26 25 25 24 24 25 26 23 27 25 27 23 28 25 28 23 29 25 29 25 30 23 31 25 31 23 32 32 1 1 32 1 3 3 31 32 5 5 32 7 31 32 9 9 32 1 11 31 11 0 13 32 13 13 32 1 15 31 15 15 31 0 17 32 17 31 19 19 31 32 21 0 25 32 25 0 29 31 31 2 16 0 14
1 1 18
0
0
2 3 18 3 16
2 4 18 4 16
0
0
1 4 15
1 4 14
1 4 13
0
0
0
1 5 10
0
1 3 13
0
0
0
0
0
0
0
0
0
0
0
0
0
0
1 6 18
2 6 19 4 19
0
2 6 21 4 21
2 6 22 4 22
1 4 23
2 6 24 4 24
2 6 25 4 25
1 6 26
2 6 27 4 27
2 6 28 4 28
2 6 29 4 29
2 6 30 4 30
0
0
0
0
0
1 10 31
1 9 29
2 7 30 11 30
1 10 28
0
0
0
0
0
2 9 28 7 28
1 9 27
0
0
2 10 27 10 25
2 11 27 11 25
2 12 27 12 25
1 13 27
2 14 27 14 25
2 15 27 15 25
0
2 17 27 17 25
1 18 25
2 19 27 19 25
0
1 22 27
1 21 29
1 19 28
0
0
1 21 30
0
0
0
0
0
0
0
0
0
0
0
0
0
0
0
0
0
0
0
0
0
0
0
0
0
0
0
0
0
0
0
0
0
0
0
0
0
0
0
0
0
0
0
0
0
0
0
0
0
