40 22 21 23 20 23 22 25 21 24 22 24 19 25 19 26 19 26 21 27 19 27 23 20 21 19 22 18 23 18 24 18 25 18 26 18 27 23 24 23 17 23 19 20 20 22 20 20 22 21 23 22 24 24 24 24 17 22 17 22 19 20 19 25 22 25 24 25 17 20 18 21 17 26 17 2 14 0 12 0 16
2 1 12 1 16
1 3 13
1 2 11
1 4 12
1 3 10
1 5 11
1 4 9
1 6 10
1 5 8
1 7 9
1 6 7
1 8 8
1 7 6
1 9 7
1 8 5
1 10 6
1 9 4
1 11 5
1 10 3
1 12 4
1 11 2
1 13 3
1 12 1
1 14 2
0
1 15 1
1 14 0
0
2 16 2 10 2
0
0
0
0
0
0
0
0
0
0
0
0
0
0
0
0
0
0
0
0
0
0
0
0
0
1 2 17
1 3 18
2 4 16 4 14
2 5 16 5 14
2 6 18 6 12
2 7 16 7 14
2 8 16 8 14
2 9 18 9 12
2 10 16 10 14
0
0
2 10 13 8 13
0
0
0
2 11 16 11 14
2 12 18 12 12
1 14 14
2 13 13 11 13
0
1 13 16
0
1 14 17
2 15 18 15 12
1 17 14
2 16 13 14 13
0
1 16 16
0
1 17 17
2 18 18 18 12
1 20 14
2 19 13 17 13
0
1 19 16
0
1 20 17
1 21 12
1 23 14
2 22 13 20 13
0
1 22 16
0
0
1 24 12
1 26 14
2 25 13 23 13
0
1 25 16
0
0
1 27 12
0
1 26 13
0
0
0
0
0
0
0
0
0
0
0
0
0
0
0
0
0
0
0
0
0
0
0
0
0
1 7 10
0
1 8 10
2 6 11 10 11
0
0
0
0
0
0
0
0
0
0
2 10 17 8 17
0
0
0
0
0
0
2 13 17 11 17
0
0
0
0
0
0
1 16 17
0
0
0
0
0
0
1 19 17
0
0
0
0
0
0
0
0
0
0
0
0
0
0
0
2 7 17 5 17
0
0
0
0
0
0
0
1 4 19
0
1 5 20
1 7 19
1 6 21
1 8 20
1 7 22
1 9 21
1 8 23
1 10 22
1 9 24
1 11 23
1 10 25
1 12 24
1 11 26
1 13 25
0
1 14 26
0
2 9 27 16 27
0
1 15 24
0
2 16 25 14 25
0
0
1 17 27
0
1 16 24
1 16 23
1 14 22
1 16 20
2 15 23 15 21
0
0
1 19 21
1 18 20
1 14 19
0
0
1 13 20
0
1 12 21
1 13 24
0
0
0
0
0
0
0
0
0
0
0
0
0
0
0
1 20 25
0
0
0
0
0
0
0
0
0
1 8 26
0
1 7 25
0
1 6 24
0
1 5 23
0
1 4 22
0
1 3 21
0
1 2 20
0
1 1 19
0
0
0
1 0 21
0
0
1 1 22
0
1 2 23
0
1 3 24
0
1 4 25
0
1 5 26
0
0
0
0
0
0
0
0
0
0
0
0
0
0
0
0
0
0
0
0
0
0
0
0
0
0
0
0
0
0
0
0
0
0
0
0
0
0
0
0
0
0
0
0
0
0
0
0
0
0
0
0
0
0
0
0
0
0
0
0
0
0
0
0
0
0
0
0
0
0
1 9 8
1 11 10
1 10 8
2 8 9 12 9
1 11 6
1 13 8
1 12 6
2 10 7 14 7
1 13 4
1 15 6
1 14 4
2 12 5 16 5
1 15 2
1 17 4
0
2 14 3 18 3
1 17 1
1 19 2
0
1 20 1
0
2 15 0 22 0
0
1 21 3
1 23 1
1 22 3
2 20 2 24 2
1 23 4
1 25 3
1 24 5
1 26 4
1 25 6
0
1 26 7
0
0
0
1 26 8
1 24 9
1 26 11
1 25 10
1 23 8
1 24 6
1 22 7
1 23 5
1 21 6
1 22 4
1 20 5
0
1 18 4
0
1 19 3
1 17 5
2 20 6 18 6
2 20 7 18 7
2 22 8 16 8
1 20 10
2 21 9 21 7
0
0
1 17 9
1 18 10
2 22 11 16 11
0
0
0
0
0
0
0
0
0
0
0
0
0
0
0
0
0
0
0
0
0
0
0
0
0
0
0
0
0
0
0
0
0
0
0
0
0
0
0
0
0
0
0
0
0
0
0
0
0
0
0
0
0
0
0
0
0
0
0
0
0
0
0
0
0
0
0
0
0
0
0
0
0
0
0
0
0
0
0
0
0
0
0
0
0
0
0
0
0
0
0
0
0
0
0
0
0
0
1 11 1
1 10 1
1 9 3
1 8 1
1 7 1
1 6 3
1 5 1
1 4 1
1 3 3
1 1 1
2 4 2 2 2
0
0
0
0
0
0
2 7 2 5 2
0
0
0
0
0
0
1 8 2
0
0
0
0
0
0
0
0
0
0
1 0 3
0
0
1 1 4
0
1 2 5
1 4 4
1 3 6
1 5 5
1 4 8
0
0
0
0
0
0
0
0
0
0
0
0
0
0
0
0
0
0
0
0
0
0
0
0
0
0
0
0
0
0
0
0
0
0
0
0
0
0
0
0
0
0
0
0
0
0
0
0
0
0
0
0
0
0
0
0
0
0
0
0
0
0
0
0
0
0
0
0
0
0
0
0
0
0
0
0
0
0
0
0
0
0
0
0
0
0
0
0
0
0
0
0
0
0
0
0
0
0
0
0
0
0
0
0
0
0
0
0
0
0
0
0
0
0
0
0
0
0
0
1 17 7
0
0
0
0
0
0
0
1 15 10
0
1 13 9
0
1 14 8
1 12 10
1 13 12
0
0
0
0
0
0
0
0
0
1 20 12
0
1 24 10
0
0
0
0
0
0
0
0
0
0
0
0
0
0
0
0
0
0
0
0
0
0
0
0
0
0
0
0
0
0
0
0
0
0
0
0
0
0
0
0
0
0
1 25 2
0
0
0
0
0
0
0
0
0
0
0
0
0
0
0
0
0
0
0
0
0
0
0
0
0
0
0
0
0
0
0
0
0
0
0
0
0
0
0
0
0
0
0
0
0
0
0
0
0
0
0
0
0
0
0
0
0
0
0
0
0
0
0
0
0
0
0
0
0
0
0
0
0
0
0
0
0
0
0
0
0
0
0
0
0
0
0
0
0
0
0
0
0
0
1 5 7
1 3 9
1 2 10
2 1 8 1 6
1 0 8
0
0
0
0
0
0
0
0
0
2 7 5 1 5
0
0
0
0
0
0
0
0
0
0
0
0
0
0
0
0
0
0
0
0
0
0
0
0
0
0
0
0
0
0
0
0
0
0
0
0
0
0
0
0
0
0
0
0
0
0
0
0
0
0
0
0
0
0
0
0
0
0
0
0
0
0
0
0
0
0
0
0
0
0
0
0
0
0
0
0
0
0
0
0
0
0
0
0
0
0
0
0
0
0
0
0
0
0
0
0
0
0
1 11 18
0
0
0
0
0
0
0
0
0
0
0
0
0
0
0
2 19 20 19 18
0
0
0
0
0
0
0
0
0
0
0
0
0
0
0
0
0
0
0
0
0
0
0
0
0
0
0
0
0
0
0
0
0
0
0
0
0
0
0
0
0
0
0
0
0
0
0
0
0
0
0
0
0
0
0
0
0
0
0
0
0
0
0
0
0
0
0
0
0
0
0
0
0
0
0
0
0
1 25 26
0
0
0
0
0
0
0
0
0
0
0
0
1 22 26
0
0
0
0
0
0
0
0
0
0
0
0
0
0
0
0
0
0
0
0
0
0
0
0
0
0
0
0
0
0
0
0
0
0
0
0
0
0
0
0
0
0
0
0
0
0
0
0
0
0
0
0
0
0
0
0
0
0
0
0
0
0
0
0
0
0
0
0
0
0
0
0
0
0
0
0
0
0
0
0
0
0
0
0
0
0
0
0
0
0
0
0
0
0
0
0
1 1 11
0
0
0
0
0
0
0
0
0
0
0
0
0
0
0
0
0
0
0
0
0
0
0
0
0
0
0
0
0
0
0
0
0
0
0
0
0
0
0
0
0
0
0
0
0
0
0
0
0
0
0
0
0
0
0
0
0
0
0
0
0
0
0
0
0
0
0
0
0
0
0
0
0
0
0
0
0
0
0
0
0
0
0
0
0
0
0
0
0
0
0
0
0
0
0
0
0
0
0
0
0
0
0
0
0
0
0
0
0
0
0
0
0
0
0
0
0
0
0
0
0
0
0
0
0
0
0
0
0
0
0
0
0
0
0
0
0
0
0
0
0
0
0
0
0
0
0
0
0
0
0
0
0
0
0
0
0
0
0
0
0
0
0
0
0
0
0
0
0
0
0
0
0
0
0
0
0
0
0
0
0
0
0
0
0
0
0
0
0
0
0
0
0
0
0
0
0
0
0
0
0
0
0
0
0
0
0
0
0
0
0
0
0
0
0
0
0
0
0
0
0
0
0
0
0
0
0
0
0
0
0
0
0
0
0
0
0
0
0
0
0
0
0
0
0
0
0
0
0
0
0
0
0
0
0
0
0
0
0
0
0
0
0
0
0
0
0
0
0
0
0
0
0
0
0
0
0
0
0
0
0
0
0
0
0
0
0
0
0
0
0
0
0
0
0
0
1 23 25
0
1 24 26
0
0
0
1 27 27
0
0
1 23 26
0
1 21 24
1 20 26
0
0
0
0
0
0
0
0
0
0
0
0
0
0
0
0
0
0
0
0
0
0
0
0
0
0
0
0
0
0
0
0
0
0
0
0
0
0
0
0
0
0
0
0
0
0
0
0
0
0
0
0
0
0
0
0
0
0
0
0
0
0
0
0
0
0
0
0
0
0
0
0
0
0
0
0
0
0
0
0
0
0
0
0
0
0
0
0
0
0
0
0
0
0
0
0
0
0
0
0
0
0
0
0
0
0
0
0
0
0
0
0
0
0
0
0
0
0
0
0
0
0
0
0
0
0
0
0
0
0
0
0
0
0
0
0
0
0
0
0
0
0
0
0
0
0
0
0
0
0
0
0
0
0
0
0
0
0
0
0
0
0
0
0
0
0
0
0
0
0
0
0
0
0
0
0
0
0
0
0
0
0
0
0
0
0
0
0
0
0
0
0
0
0
0
0
0
0
0
0
0
0
0
0
0
0
0
0
0
0
0
0
0
0
0
0
0
0
0
0
0
0
0
0
0
0
0
0
0
0
0
0
0
0
0
0
0
0
0
0
0
0
0
0
0
0
0
0
0
1 15 11
0
0
0
0
0
0
0
0
0
0
0
0
0
0
0
0
0
0
0
0
0
0
0
0
0
0
0
0
0
0
0
0
0
0
0
1 26 1
0
0
0
0
0
1 25 1
0
0
0
0
0
0
0
0
0
0
0
0
0
0
0
0
0
0
0
0
0
0
0
0
0
0
0
0
0
0
0
0
0
0
0
0
0
0
0
0
0
0
0
0
0
0
0
0
0
0
0
0
0
0
0
0
0
0
0
0
0
0
0
0
0
0
0
0
0
0
0
0
0
0
0
0
0
0
0
0
0
0
0
0
0
0
0
0
0
0
0
0
0
0
0
0
0
0
0
0
0
0
0
0
0
0
0
0
0
0
0
0
0
0
0
0
0
0
0
0
0
0
0
0
0
0
0
0
0
0
0
0
0
0
0
0
0
0
0
0
0
0
0
0
0
0
0
0
0
0
0
0
0
0
0
0
0
0
0
0
0
0
0
0
0
0
0
0
0
0
0
0
0
0
0
0
0
0
0
0
0
0
0
0
0
0
0
0
0
0
0
0
0
0
0
0
0
0
0
0
0
0
0
0
0
0
0
0
0
0
0
0
0
0
0
0
0
0
0
0
0
0
0
0
0
0
0
0
0
0
0
0
0
0
0
0
0
0
0
0
0
0
0
0
0
0
0
0
0
0
0
0
0
0
0
0
0
0
0
0
0
0
0
0
0
0
0
0
0
0
0
0
0
0
0
0
0
0
0
0
0
0
0
0
0
0
0
0
0
0
0
0
0
0
0
0
0
0
0
0
0
0
0
0
0
0
0
0
0
0
0
0
0
0
0
0
0
0
0
0
0
0
0
0
0
0
0
0
0
0
0
0
0
0
0
0
0
0
0
0
0
0
0
0
0
0
0
0
0
0
0
0
0
0
0
0
0
0
0
0
0
0
0
0
0
0
0
0
0
0
0
0
0
0
0
0
0
0
0
0
0
0
0
0
0
0
0
0
0
0
0
0
0
0
0
0
0
0
0
0
0
0
0
0
0
0
0
0
0
0
0
0
0
0
0
0
0
0
0
0
0
0
0
0
0
0
0
0
0
0
