23 12 16 11 15 11 17 9 16 10 18 9 18 8 16 8 18 7 16 6 16 5 16 5 18 4 16 4 18 3 16 4 19 3 20 2 20 1 18 1 20 0 18 0 22 0 15
1 2 12
0
1 3 11
1 2 9
1 4 10
0
0
2 4 8 2 8
2 4 7 2 7
2 4 6 2 6
2 4 5 2 5
2 4 4 2 4
2 4 3 2 3
2 4 2 2 2
2 4 1 2 1
0
0
0
1 6 2
1 7 2
1 9 1
1 8 3
0
0
1 10 3
2 11 3 11 1
0
1 13 3
2 14 3 14 1
1 15 3
1 17 1
0
0
0
1 18 2
1 20 1
1 19 3
1 21 2
0
0
1 19 4
2 21 5 19 5
2 21 6 19 6
0
1 21 9
2 22 8 22 6
1 23 8
2 24 8 24 6
0
0
0
0
0
0
1 20 10
1 21 12
1 19 11
1 20 13
0
1 19 14
1 17 13
0
1 16 14
0
0
0
0
0
0
0
0
0
0
2 23 13 21 13
2 23 14 21 14
1 21 15
2 23 16 21 16
0
2 23 18 21 18
1 23 19
0
1 20 20
2 19 20 19 18
1 18 18
1 16 20
1 17 22
1 19 21
1 16 23
1 14 22
1 15 24
1 13 23
0
0
0
2 12 25 12 23
1 11 23
1 10 25
1 8 23
0
0
1 12 22
2 11 21 9 21
1 11 20
0
0
1 8 20
1 7 20
1 6 20
0
0
0
0
0
0
0
2 12 20 12 18
1 13 20
1 15 18
2 14 17 12 17
1 14 16
1 12 15
0
1 12 12
1 11 13
1 10 13
1 9 13
2 8 15 8 13
1 7 13
2 6 15 6 13
1 5 15
0
1 6 12
1 6 11
1 6 10
0
1 6 7
2 7 10 7 8
2 8 10 8 8
2 9 10 9 8
2 10 10 10 8
1 11 10
0
2 12 7 10 7
2 12 6 10 6
1 10 5
0
0
0
0
0
0
0
1 13 10
2 14 10 14 8
1 15 10
2 16 10 16 8
2 17 10 17 8
0
0
0
0
0
0
0
0
0
0
0
1 15 12
0
0
0
0
0
0
0
0
0
0
0
0
0
0
0
0
0
0
0
0
0
0
0
0
0
0
0
0
0
0
0
2 15 16 15 14
0
0
0
0
0
0
0
0
0
0
0
0
0
1 4 15
1 3 15
0
0
0
0
0
0
0
0
0
0
0
0
0
0
0
0
0
0
0
0
0
0
0
1 10 12
0
0
0
0
0
0
0
0
0
0
0
0
0
0
1 8 5
2 7 5 7 3
1 6 5
1 5 3
0
0
0
0
0
0
0
0
0
0
0
0
0
0
0
0
0
0
0
0
0
0
0
0
0
0
0
0
0
0
0
0
0
0
0
0
0
0
0
0
0
0
0
0
0
1 19 17
0
0
0
0
0
0
0
0
0
0
0
0
0
0
0
0
0
0
0
0
0
0
0
0
1 4 22
0
1 3 23
1 2 22
0
0
0
0
0
0
0
0
2 6 23 4 23
1 6 24
0
1 3 25
1 2 23
0
0
0
0
0
0
0
0
0
0
0
0
0
0
0
0
0
0
0
0
0
0
0
0
0
0
0
0
0
0
0
0
0
0
0
0
0
0
0
0
0
0
0
0
0
0
0
0
0
0
0
0
0
0
0
0
0
0
0
0
0
0
0
0
0
0
0
0
0
0
0
0
0
0
0
0
0
0
0
0
0
0
0
0
0
0
0
0
0
0
0
0
0
0
0
0
0
0
0
0
0
0
0
0
0
0
0
0
0
0
0
0
0
0
0
0
0
0
0
0
0
0
0
0
0
0
0
0
0
0
0
0
0
0
0
0
0
0
0
0
0
0
0
0
0
0
0
0
0
0
0
0
0
0
0
0
0
0
0
0
0
0
0
0
0
0
0
0
0
0
0
0
0
0
0
0
0
0
0
0
0
0
0
0
0
0
0
0
0
0
0
0
0
0
0
0
0
0
0
0
0
0
0
0
0
0
0
0
0
0
0
0
0
0
0
0
0
0
0
0
0
0
0
0
0
0
0
0
0
0
0
0
0
0
0
0
0
0
0
0
0
0
0
0
0
0
0
0
0
0
0
0
0
1 23 5
1 24 3
0
0
0
2 24 2 22 2
0
0
0
0
0
0
0
0
0
0
0
0
0
0
0
0
0
0
0
0
0
0
0
0
0
0
0
0
0
0
0
0
0
0
0
0
0
0
0
0
0
0
0
0
0
0
0
0
0
0
0
0
0
0
0
0
0
0
0
0
0
0
0
0
0
0
0
0
0
0
0
0
0
0
0
0
0
0
0
0
0
0
0
0
0
0
0
1 17 7
1 17 6
0
0
1 16 4
0
0
0
0
0
0
0
0
0
0
0
0
0
0
0
0
0
0
0
0
0
0
0
0
0
0
0
0
0
0
0
0
0
0
0
0
0
0
0
0
0
0
0
0
0
0
0
0
0
0
0
0
0
0
0
0
1 20 22
1 19 24
1 21 23
1 20 25
1 22 24
0
0
0
1 23 23
1 24 23
0
0
0
1 23 22
1 24 20
0
0
0
0
0
0
0
0
0
0
0
0
0
0
0
0
0
0
0
0
0
0
0
0
0
0
0
0
0
0
0
0
0
0
0
0
0
0
0
0
0
0
0
0
0
0
0
0
0
1 22 5
0
0
0
0
0
0
0
0
0
0
0
0
0
0
0
0
0
0
0
0
0
0
0
0
0
0
0
0
0
0
0
0
0
0
0
0
0
0
0
0
0
0
0
0
0
0
0
0
0
0
0
0
0
0
0
0
0
0
0
0
0
0
0
0
0
0
0
0
0
0
0
0
0
0
0
0
0
0
0
0
0
0
0
0
0
0
0
0
0
0
0
0
0
0
0
0
0
0
0
0
1 24 14
0
0
0
0
0
0
0
0
0
0
0
0
0
0
0
0
0
0
0
0
0
0
0
0
0
0
0
0
0
0
0
0
0
0
0
0
0
0
0
0
0
0
0
0
0
0
0
0
0
0
0
0
0
0
0
0
0
0
0
0
0
0
0
0
0
0
0
0
0
0
0
0
0
0
0
0
0
0
0
0
0
0
0
0
0
0
0
0
0
0
0
2 14 6 14 4
1 13 4
0
0
0
0
1 15 7
0
0
0
0
0
0
0
0
0
0
0
0
0
0
0
0
0
0
0
0
0
0
0
0
0
0
0
0
0
0
0
0
0
0
0
0
0
0
0
0
0
0
0
0
0
0
0
0
0
0
0
0
0
0
0
0
0
0
0
0
0
0
0
0
0
0
0
0
0
0
0
0
0
0
0
0
0
0
0
2 1 25 1 23
0
0
0
0
0
0
0
0
0
0
0
0
0
0
0
0
0
0
0
0
0
0
0
0
0
0
0
0
0
0
0
0
0
0
0
0
0
0
0
0
0
0
1 25 16
0
0
0
0
0
0
0
0
0
0
0
0
0
0
0
0
0
0
0
0
0
0
0
0
0
0
0
0
0
0
1 15 25
0
0
0
0
0
0
0
0
0
0
0
0
0
0
0
0
0
0
0
0
0
0
0
0
0
0
0
1 12 21
0
0
0
0
0
0
0
0
0
0
0
0
0
0
0
0
0
0
0
0
0
0
0
0
0
0
0
0
0
0
0
0
0
0
0
0
0
0
0
0
0
0
0
0
0
0
0
0
0
0
0
0
0
0
0
0
0
0
0
0
0
0
0
0
0
0
0
0
0
0
0
0
0
0
0
0
0
0
0
0
0
0
0
0
0
0
0
0
0
0
0
0
0
0
0
0
0
0
0
0
0
0
0
0
0
0
0
0
0
0
0
0
0
0
0
0
0
0
0
0
0
0
0
0
0
0
0
0
0
0
0
0
0
0
0
0
0
0
0
0
0
0
0
0
0
0
0
0
0
0
0
0
0
0
0
0
0
0
0
0
0
0
0
0
0
0
0
0
0
1 22 22
1 21 22
0
0
0
0
0
0
0
0
0
0
0
0
0
0
0
0
0
0
0
0
0
0
0
0
0
0
0
0
0
0
0
0
0
0
0
0
0
0
0
0
0
0
0
0
0
0
0
0
0
0
0
0
0
0
0
0
0
0
0
0
0
0
0
0
0
0
0
0
0
0
0
0
0
0
0
0
