6 1 16 6 31 7 29 8 30 0 14 0 18
1 2 15
1 1 13
1 3 14
1 2 12
1 4 13
1 3 11
1 5 12
1 4 10
1 6 11
1 5 9
1 7 10
1 6 8
1 8 9
1 7 7
1 9 8
0
0
0
0
0
0
0
0
0
0
0
0
0
0
0
0
0
1 2 17
1 1 19
1 3 18
1 2 20
1 4 19
0
1 5 20
1 4 22
0
1 5 23
1 7 22
1 6 24
1 8 23
1 7 25
1 9 24
1 8 26
1 10 25
1 9 27
1 11 26
1 10 28
1 12 27
1 11 29
1 13 28
1 12 30
1 14 29
0
1 15 30
0
0
0
1 16 29
1 17 29
1 18 29
1 19 29
1 20 29
1 21 29
1 22 29
1 23 29
1 24 29
1 25 29
1 26 29
1 27 29
1 28 29
1 29 29
1 30 29
0
0
0
0
0
0
0
0
0
0
0
0
0
0
0
0
0
0
0
0
0
1 10 29
0
0
0
