40 17 23 16 22 16 24 14 23 15 22 14 24 14 25 16 25 14 26 16 26 14 27 18 27 19 23 20 22 21 21 22 20 22 19 23 18 24 18 25 18 26 18 27 18 12 23 16 19 17 22 19 22 19 24 12 24 12 22 13 21 14 20 15 19 17 19 17 21 19 21 19 20 18 19 12 26 0 12 0 16
1 2 13
1 1 11
1 3 12
0
0
0
0
0
0
1 1 17
1 2 16
1 4 14
0
1 5 13
0
1 6 12
1 5 10
1 7 11
1 6 9
1 8 10
1 7 8
0
1 8 7
0
1 9 6
1 11 7
1 10 5
1 12 6
1 11 4
1 13 5
1 12 2
0
2 15 3 9 3
1 11 1
2 10 4 10 2
0
0
1 13 2
1 14 4
1 16 2
1 17 1
0
0
1 9 0
0
0
1 8 1
0
1 7 2
1 8 4
1 6 3
1 7 6
1 5 4
0
0
0
0
0
0
0
0
0
0
0
0
0
0
1 18 3
1 20 1
2 19 2 17 2
0
0
0
0
1 21 3
1 23 1
2 22 2 20 2
0
0
0
0
1 24 3
1 26 1
2 25 2 23 2
0
0
0
0
1 27 3
0
0
1 26 4
0
1 25 5
1 23 4
1 24 6
1 22 5
1 23 7
1 20 6
0
1 21 9
1 19 7
1 20 9
2 18 8 22 8
1 19 10
1 17 9
0
1 16 10
1 17 12
1 15 11
1 16 13
1 14 12
1 15 14
1 13 13
1 14 16
1 12 14
1 13 16
1 15 15
0
0
2 17 13 11 13
0
0
0
0
0
0
0
0
0
0
0
0
0
1 18 6
1 20 5
0
0
2 19 5 19 3
1 18 5
0
1 16 5
1 15 5
0
0
0
1 16 6
1 14 7
1 16 9
0
1 13 8
1 14 10
1 12 9
1 13 12
1 11 10
1 12 13
2 10 11 14 11
0
1 9 12
1 10 15
1 8 13
1 7 14
0
0
1 9 15
0
0
2 11 16 5 16
2 9 17 7 17
2 9 18 7 18
2 11 19 5 19
2 9 20 7 20
1 9 21
2 11 22 5 22
1 9 24
1 10 23
1 12 21
0
1 13 20
0
0
0
0
1 11 18
1 13 17
0
1 12 16
1 15 18
0
1 14 19
1 17 17
0
1 16 14
1 19 18
0
1 18 15
1 21 17
1 19 15
0
0
0
0
0
0
0
0
0
0
0
1 23 16
1 21 14
1 22 15
1 24 17
0
0
0
0
0
0
1 19 14
1 23 13
1 21 11
1 22 14
1 24 12
1 23 10
1 26 11
0
1 25 8
1 27 12
1 26 14
0
1 27 17
0
0
0
0
2 25 17 25 15
0
0
0
0
0
0
0
0
0
0
0
0
0
0
0
0
0
0
0
0
0
0
0
0
0
0
0
0
0
0
0
0
0
0
0
0
0
0
0
0
0
1 6 23
1 7 24
2 11 25 5 25
1 9 27
0
0
0
0
0
0
0
1 7 26
0
0
0
0
0
0
0
0
0
0
0
0
0
0
0
0
0
0
0
1 21 24
0
0
0
0
0
2 20 27 20 25
2 21 27 21 25
1 22 23
2 23 27 23 25
2 24 27 24 25
1 25 23
0
2 26 24 24 24
0
0
0
1 27 27
0
0
0
1 26 22
1 24 21
1 26 19
1 25 22
0
0
0
0
0
1 24 22
0
0
0
0
0
0
0
0
0
0
0
0
0
0
0
0
0
0
0
0
0
0
0
0
0
0
0
0
0
0
0
0
0
0
0
0
0
0
0
0
0
0
0
0
0
0
0
0
0
0
0
0
0
0
0
0
0
0
0
0
0
0
0
0
0
0
0
0
0
0
0
0
0
0
0
0
0
0
0
0
0
0
0
0
0
0
0
0
0
0
0
0
0
0
0
0
0
0
0
0
0
0
0
0
0
0
0
0
0
0
0
0
0
0
0
0
0
0
0
0
0
1 6 6
1 4 5
1 5 7
1 3 6
1 4 8
1 2 7
1 3 9
1 1 8
0
0
0
1 0 6
0
0
1 1 5
0
1 2 4
0
1 3 3
0
1 4 2
0
1 5 1
0
0
0
0
0
0
0
0
0
0
0
0
0
0
0
0
0
0
0
0
0
0
0
0
0
0
0
0
0
0
0
0
0
0
0
0
0
0
0
0
0
0
0
0
0
0
0
0
0
0
0
0
0
0
0
0
0
0
0
0
0
0
0
0
0
0
0
0
0
0
0
0
0
0
0
0
0
0
0
0
0
0
0
0
0
0
0
2 6 17 6 15
0
0
0
0
0
0
0
0
0
1 6 21
0
0
0
0
0
0
2 6 26 6 24
0
0
0
0
0
0
1 5 26
1 4 26
0
1 2 26
1 1 26
1 0 24
0
1 1 25
0
0
0
0
0
0
1 4 25
0
0
1 3 23
1 1 21
0
0
1 3 21
1 1 20
0
0
0
2 3 20 3 18
0
1 6 18
0
1 3 16
0
0
0
0
0
0
0
0
0
0
0
0
0
0
0
0
0
0
0
0
0
0
0
0
0
0
0
0
0
0
0
0
0
0
0
0
0
0
0
0
0
0
0
0
0
0
0
0
0
0
0
0
0
0
0
0
0
0
0
0
0
0
0
0
0
0
0
0
0
0
0
0
0
0
0
0
0
0
0
0
0
0
0
0
0
0
0
0
0
0
0
0
0
0
0
0
0
0
0
0
0
0
0
0
0
0
0
0
0
0
0
0
0
0
0
0
0
0
0
0
0
0
0
0
0
0
0
0
0
0
0
0
0
0
0
0
0
0
0
0
0
0
0
0
0
0
0
0
0
0
0
0
0
0
0
0
0
0
0
0
0
0
0
0
0
0
0
0
0
0
0
0
0
0
0
0
0
0
0
0
0
0
0
0
0
0
0
0
0
0
0
0
0
0
0
0
0
0
0
0
0
0
0
0
0
0
0
0
0
0
0
0
0
0
0
0
0
0
0
0
0
0
0
0
0
0
0
0
0
0
0
0
0
0
0
0
0
0
0
0
0
0
0
0
0
0
0
0
0
0
0
0
0
0
0
0
0
0
0
0
0
0
0
0
0
0
0
0
0
0
0
0
0
0
0
0
0
0
0
0
0
0
0
0
0
0
0
0
0
0
0
0
0
0
0
0
0
0
0
0
0
0
0
0
0
0
0
0
0
0
0
0
0
0
0
0
0
0
0
0
0
0
0
0
0
0
0
0
0
0
0
0
0
0
0
0
0
0
0
0
0
0
0
0
0
0
0
0
0
0
0
0
0
0
0
0
0
0
0
0
0
0
0
0
0
0
0
0
0
0
0
0
0
0
0
0
0
0
0
0
0
0
0
0
0
0
0
0
0
0
0
0
0
0
0
0
0
0
0
0
0
0
0
0
0
0
0
0
0
0
0
0
0
0
0
1 3 0
0
0
1 2 1
0
0
0
0
1 0 1
0
0
0
0
0
0
0
0
0
0
0
0
0
0
0
0
0
0
0
0
0
0
0
0
0
0
0
0
0
0
0
0
0
0
0
0
0
0
0
0
0
0
0
0
0
0
0
0
0
0
0
0
0
0
0
0
0
0
0
0
0
0
0
0
0
0
0
0
0
0
0
0
0
0
0
0
0
0
0
0
0
0
0
0
0
0
0
0
0
0
0
0
0
0
0
0
0
0
0
0
0
0
0
0
0
0
0
0
0
0
0
0
0
0
0
0
0
0
0
0
0
0
0
0
0
0
0
0
0
0
0
0
0
0
0
0
0
0
0
0
0
0
0
0
