6 1 13 18 2 19 1 19 4 20 2 0 15
1 2 14
1 1 16
1 3 15
1 2 17
1 4 16
1 3 18
1 5 17
1 4 19
1 6 18
1 5 20
1 7 19
1 6 21
1 8 20
1 7 22
1 9 21
1 8 23
1 10 22
1 9 24
1 11 23
0
1 12 24
0
0
0
1 13 23
1 14 23
1 15 23
1 16 23
1 17 23
1 18 23
1 19 23
1 20 23
1 21 23
1 22 23
1 23 23
1 24 23
0
0
0
0
1 23 21
1 24 19
1 22 20
1 23 18
1 21 19
1 22 17
1 20 18
1 21 16
1 19 17
1 20 15
1 18 16
0
0
0
0
0
0
0
0
0
0
0
0
0
1 24 16
0
1 23 15
0
1 22 14
0
1 21 13
1 19 14
1 20 12
1 18 13
1 19 11
1 17 12
1 18 10
1 16 11
1 17 9
1 15 10
1 16 8
1 14 9
0
0
0
0
0
0
0
0
0
0
0
0
0
0
0
0
0
0
0
0
0
1 24 13
0
1 23 12
0
1 22 11
0
1 21 10
0
1 20 9
0
1 19 8
0
1 18 7
0
1 17 6
1 15 7
1 16 5
1 14 6
1 15 4
1 13 5
1 14 3
1 12 4
1 13 2
1 11 3
1 12 1
1 10 2
1 11 0
0
0
1 9 3
1 8 3
0
1 6 3
0
1 4 3
1 3 3
0
1 1 3
0
0
0
0
1 1 6
1 2 6
1 3 6
1 4 6
1 5 6
1 6 6
1 7 6
1 8 6
0
0
0
0
1 12 7
0
1 13 8
0
0
0
0
0
0
0
0
0
0
0
0
0
0
0
0
0
1 2 7
1 1 9
1 3 8
1 2 10
1 4 9
1 3 11
1 5 10
1 4 12
1 6 11
1 5 13
1 7 12
1 6 14
1 8 13
1 7 15
1 9 14
1 8 16
1 10 15
1 9 17
1 11 16
1 10 18
1 12 17
1 11 19
1 13 18
1 12 20
0
1 13 21
1 15 20
1 14 22
1 16 21
0
0
0
1 17 20
1 18 20
1 19 20
0
0
0
0
0
1 18 19
0
1 17 18
0
1 16 17
0
1 15 16
1 16 14
1 14 15
1 15 13
1 13 14
0
1 12 13
1 13 11
0
0
1 11 10
2 10 10 10 14
1 9 10
0
0
0
0
0
0
0
0
0
0
0
0
0
0
0
0
0
0
0
0
0
0
0
0
0
0
0
0
0
0
0
0
0
0
0
0
0
0
0
0
0
0
0
0
0
0
0
0
0
0
0
0
0
0
0
0
0
0
0
0
0
0
0
0
0
0
0
0
0
0
0
0
0
0
0
0
0
0
0
0
0
0
0
0
0
0
0
0
0
0
0
0
0
0
0
0
0
0
0
0
0
0
0
0
1 24 10
0
1 23 9
0
1 22 8
0
1 21 7
0
1 20 6
0
0
0
0
0
0
0
0
0
0
0
0
0
0
0
0
0
0
0
0
0
0
0
0
0
0
0
0
0
0
0
0
0
0
0
0
0
0
0
0
0
0
0
0
0
0
0
0
0
0
0
0
0
0
0
0
0
0
0
0
0
0
0
0
0
0
0
0
0
0
0
0
0
0
0
0
0
0
0
0
0
0
0
0
0
0
0
0
0
0
0
0
0
0
0
0
0
0
0
0
0
0
0
0
0
0
0
0
0
0
0
0
0
0
0
0
0
0
0
1 8 10
0
1 7 9
0
1 6 8
0
0
0
0
0
0
0
0
0
0
0
0
0
0
0
0
0
0
0
0
0
0
0
0
0
0
0
0
0
0
0
0
0
0
0
0
0
0
0
0
0
0
0
0
0
0
0
0
0
0
0
0
0
0
0
0
0
0
0
0
0
0
0
0
0
0
0
0
0
0
0
0
0
0
0
0
0
0
0
0
0
0
0
0
0
0
0
0
0
0
0
0
0
0
0
0
0
0
0
0
0
0
0
0
0
0
0
0
0
0
0
0
0
0
0
0
0
0
0
0
0
0
0
0
0
0
0
0
0
1 18 4
0
1 17 3
0
0
0
1 14 2
0
0
0
0
0
0
0
0
0
1 22 4
1 22 3
0
