57 11 5 10 4 10 6 8 5 9 7 8 7 7 5 7 7 6 5 6 7 4 6 5 7 4 5 4 4 6 4 4 3 6 3 4 2 6 2 4 1 6 1 6 0 2 0 13 5 13 6 12 7 11 8 11 9 10 10 9 10 8 10 7 11 6 10 6 11 5 12 4 12 3 11 2 11 1 10 1 9 0 8 10 3 11 4 13 4 10 2 13 3 10 1 12 1 9 1 8 8 7 8 3 4 6 8 5 8 2 7 4 7 0 12
0
0
0
2 2 13 0 13
2 2 14 0 14
2 2 15 0 15
2 2 16 0 16
1 0 17
0
2 3 18 3 16
2 4 18 4 16
2 5 18 5 16
2 6 18 6 16
2 7 18 7 16
2 8 18 8 16
2 9 18 9 16
2 10 18 10 16
1 11 18
1 13 16
0
1 14 15
1 13 13
1 15 14
1 14 12
0
0
0
0
0
0
1 9 14
2 12 13 10 13
1 12 12
0
0
1 12 8
1 14 9
1 13 7
1 15 8
0
1 16 7
1 15 5
1 17 6
0
0
1 17 4
1 17 3
0
0
0
1 17 2
0
0
0
1 13 2
0
0
0
0
0
0
0
0
0
0
0
0
0
0
0
0
0
0
0
0
0
0
0
0
0
0
0
0
0
0
0
0
0
0
0
0
0
0
0
0
0
0
0
0
0
0
0
0
0
0
0
2 3 3 1 3
0
0
0
0
0
0
0
0
0
0
0
0
0
0
0
0
0
0
0
0
0
0
0
0
0
0
0
0
0
0
0
0
0
0
0
0
0
0
0
0
0
0
0
0
0
0
0
0
0
0
0
0
0
0
0
0
0
0
0
0
0
0
0
0
0
0
0
0
0
0
1 17 0
0
1 19 0
0
0
0
0
0
0
0
1 18 8
0
1 17 7
0
1 17 9
1 18 11
0
0
0
0
0
1 18 15
0
0
0
0
0
0
0
0
0
0
0
0
0
0
0
0
0
0
0
0
0
0
0
0
0
0
0
0
0
0
0
0
0
2 9 13 9 11
2 8 13 8 11
1 7 13
0
0
0
0
0
0
0
0
0
0
0
0
0
0
0
0
0
0
0
0
0
0
0
0
0
0
0
0
0
0
0
0
0
0
0
0
0
1 17 12
0
0
0
0
0
0
0
0
0
1 17 16
1 16 13
0
0
0
0
0
1 18 18
0
0
0
0
0
0
0
0
0
0
0
0
0
0
0
0
0
0
0
0
0
0
0
0
0
0
0
0
0
0
0
0
0
0
0
0
0
0
0
0
0
0
0
0
0
0
0
0
0
0
0
0
0
0
0
0
0
0
0
0
0
0
0
0
0
0
0
0
0
0
0
0
0
0
0
0
0
0
0
0
0
0
