36 6 35 5 34 5 36 3 35 4 37 2 36 2 37 2 38 4 38 0 39 6 34 5 33 4 33 3 33 2 33 3 34 2 34 2 35 5 31 7 36 10 35 8 33 6 31 4 31 6 38 10 36 9 33 8 32 7 31 3 31 7 38 9 38 1 31 2 20 0 18 0 22
1 1 22
1 3 21
0
0
0
0
1 2 17
1 3 20
1 5 18
1 4 16
0
1 5 15
1 7 16
0
1 8 15
1 7 13
1 9 14
1 8 12
1 10 13
1 9 11
1 11 12
0
1 12 11
1 11 9
1 13 10
1 12 8
1 14 9
1 13 7
1 15 8
1 14 6
1 16 7
1 15 5
1 17 6
1 16 4
1 19 5
1 17 3
1 18 6
0
1 19 3
1 17 2
0
1 17 0
0
1 20 2
1 21 2
1 22 2
1 23 2
1 24 2
1 25 2
1 26 2
1 27 2
1 28 2
0
0
0
1 31 0
0
1 34 2
1 33 4
1 35 3
1 34 5
1 37 4
0
1 36 5
1 38 3
1 37 1
1 35 2
1 38 0
0
0
0
1 38 6
0
1 37 7
1 35 6
0
1 34 7
1 35 9
0
0
0
0
0
0
0
0
0
0
1 38 9
0
1 37 10
0
1 36 11
1 33 10
0
1 34 9
0
0
0
1 36 12
1 35 15
0
0
0
2 33 15 33 13
1 32 15
2 31 15 31 13
1 30 15
2 29 15 29 13
2 28 15 28 13
1 27 13
2 26 15 26 13
0
0
0
2 23 14 23 12
0
0
1 27 12
2 26 11 24 11
2 26 10 24 10
2 26 9 24 9
2 26 8 24 8
2 26 7 24 7
2 26 6 24 6
2 26 5 24 5
0
0
0
0
0
1 22 8
0
1 19 7
1 20 9
1 18 8
0
1 17 9
0
1 15 10
1 17 12
1 16 11
0
0
0
0
0
0
0
0
1 20 10
2 22 11 20 11
1 22 12
1 20 14
2 19 13 19 11
0
1 15 13
1 17 15
2 16 14 16 12
0
0
0
1 19 15
2 19 16 17 16
2 19 17 17 17
1 19 18
1 17 20
0
0
0
1 20 19
0
1 17 21
2 19 22 17 22
1 19 23
1 17 25
1 16 24
2 15 24 15 22
1 14 24
1 13 24
1 10 22
1 12 20
1 11 21
0
0
0
0
2 14 19 12 19
1 14 18
0
2 11 19 11 17
2 10 19 10 17
1 9 19
1 8 19
0
1 5 19
1 6 21
0
1 5 22
0
1 4 23
0
0
0
0
1 4 26
0
1 5 27
1 7 26
1 6 28
0
1 7 30
0
0
1 8 31
1 9 30
1 11 28
1 10 26
1 12 27
0
0
0
0
0
0
1 11 24
1 12 24
0
0
0
0
1 14 27
2 14 28 12 28
2 14 29 12 29
2 14 30 12 30
2 14 31 12 31
2 14 32 12 32
2 14 33 12 33
1 12 34
0
1 14 36
2 14 37 12 37
1 14 38
0
0
1 15 37
1 16 37
1 17 37
1 18 37
1 19 37
1 20 37
1 21 37
1 22 37
0
1 24 37
0
1 26 37
1 27 37
0
0
1 30 37
0
0
1 34 38
1 33 36
1 35 37
1 34 35
1 36 36
1 35 34
1 37 35
1 36 33
1 38 34
1 37 32
0
1 38 29
0
1 39 31
0
1 37 28
2 36 31 36 29
2 35 31 35 29
2 34 31 34 29
1 33 31
1 31 29
1 32 27
2 30 28 34 28
1 31 26
1 29 27
1 30 25
1 28 26
1 29 24
0
1 28 23
1 26 24
1 27 22
1 25 23
0
0
0
0
0
0
0
0
0
0
0
0
0
1 35 27
1 34 26
2 34 25 32 25
1 32 24
1 34 23
1 32 21
1 31 22
2 30 24 30 22
0
0
0
0
1 31 21
1 30 20
1 30 19
1 28 17
2 27 20 27 18
1 26 18
2 25 20 25 18
1 24 20
1 20 18
1 23 16
0
0
0
1 20 20
1 22 22
1 24 21
1 23 23
0
1 24 25
0
0
0
0
1 26 28
0
0
0
0
0
0
1 25 28
2 24 28 24 26
1 23 28
0
1 22 23
0
1 19 27
2 22 28 20 28
2 22 29 20 29
2 22 30 20 30
0
1 20 32
1 20 33
1 22 34
1 22 35
0
0
0
1 25 35
1 24 33
1 26 34
1 25 32
1 27 33
1 26 30
0
0
0
2 28 32 28 30
1 29 32
1 30 32
0
0
0
0
0
0
0
0
0
0
0
0
0
0
0
0
0
0
0
0
0
0
0
0
0
0
0
0
0
0
0
0
0
0
0
0
0
0
0
0
0
0
0
0
0
0
0
1 26 17
0
0
0
1 27 17
0
0
0
0
1 31 19
1 33 18
0
1 34 19
1 33 21
2 31 20 36 20
0
0
0
1 36 17
2 34 18 38 18
0
0
0
0
0
0
1 37 15
2 38 17 38 15
0
0
1 37 14
1 38 11
0
0
0
0
0
0
0
0
0
0
0
0
0
0
0
0
0
0
0
0
0
0
0
0
0
0
0
0
0
0
0
0
0
0
0
0
0
0
0
0
0
0
0
0
0
0
0
0
0
0
0
0
0
1 20 25
1 19 25
0
0
0
0
0
0
0
0
0
0
0
0
1 19 30
0
1 16 30
1 17 28
2 15 29 19 29
1 16 27
0
0
0
0
0
0
0
1 17 27
1 17 26
0
0
0
0
0
0
0
0
0
0
0
0
0
0
0
0
0
0
0
0
0
0
0
0
0
0
0
0
0
0
0
0
0
0
0
0
0
0
0
0
0
0
0
0
0
0
0
0
0
0
0
0
0
0
0
0
0
0
0
0
0
0
0
0
0
0
0
0
0
0
0
0
0
0
0
0
0
0
0
0
0
0
0
0
0
0
0
0
0
0
0
0
0
0
0
0
0
0
0
0
0
0
0
1 10 33
1 10 32
0
0
1 9 32
0
0
0
0
0
0
0
0
0
0
0
0
0
0
0
0
0
0
0
0
0
0
0
0
0
0
0
0
0
0
0
0
0
0
0
0
0
0
0
0
0
0
0
0
0
0
0
0
0
0
0
0
0
0
0
0
0
0
0
0
0
0
0
0
0
0
0
0
0
0
0
0
0
0
0
0
0
0
0
0
0
0
0
0
0
0
0
0
0
0
0
0
0
0
0
0
0
0
0
0
0
0
0
0
0
0
0
0
0
0
0
0
0
0
0
0
0
0
0
0
0
0
0
0
0
0
0
0
0
0
0
0
0
0
0
0
0
0
0
0
0
0
0
0
0
0
0
0
0
0
0
0
0
0
0
0
1 16 2
1 15 2
1 12 0
0
1 13 2
1 11 1
1 12 3
1 10 2
1 11 4
1 9 3
1 10 6
1 8 4
0
2 7 5 14 5
1 8 7
1 6 6
1 7 8
1 5 7
1 6 9
1 3 8
0
1 4 9
1 2 7
0
1 5 6
1 2 4
0
0
2 2 8 0 8
2 2 9 0 9
1 2 10
2 2 11 0 11
1 0 12
0
0
0
2 2 14 0 14
0
0
0
0
1 5 11
0
1 7 10
0
0
0
0
0
0
1 9 7
1 7 9
0
0
0
0
0
0
0
0
0
0
0
0
0
0
0
0
0
0
0
0
0
0
0
0
0
0
0
0
0
0
0
0
0
0
0
0
0
0
0
0
0
0
0
0
0
0
0
0
0
0
0
0
0
0
0
0
0
0
0
0
0
0
0
0
0
0
0
0
0
0
0
0
0
0
0
0
0
0
0
0
0
0
0
0
0
0
0
0
0
0
0
0
0
0
0
0
0
0
0
0
0
0
0
0
0
0
0
0
0
0
0
0
0
0
0
0
0
0
0
0
0
0
0
0
0
0
0
1 27 4
0
0
1 32 4
1 30 6
2 31 5 31 3
0
0
1 27 5
1 28 7
0
0
0
0
0
1 29 7
2 30 9 30 7
1 31 9
0
0
0
0
0
0
0
0
0
0
0
0
0
0
0
0
0
0
0
0
0
0
0
0
0
0
0
0
0
0
0
0
0
0
0
0
0
0
0
0
0
0
0
0
0
0
0
0
0
0
0
0
0
0
0
0
0
0
0
0
0
0
0
0
0
0
0
0
0
0
0
0
0
0
0
0
0
0
0
0
1 3 30
0
0
1 2 29
1 3 27
2 0 28 5 28
0
1 1 27
0
1 0 33
0
0
0
0
0
0
0
1 1 35
0
0
0
0
0
0
0
0
0
0
0
0
0
0
0
0
0
0
0
0
0
0
0
0
0
0
0
0
0
0
0
0
0
0
0
0
0
0
0
0
0
0
0
0
0
0
0
0
0
0
0
0
0
0
0
0
0
0
0
0
0
0
0
0
0
0
0
0
0
0
0
0
0
0
0
0
0
0
0
0
0
0
0
0
0
0
0
0
0
0
0
0
0
0
0
0
0
0
0
0
0
0
0
0
0
0
0
0
0
0
0
0
0
0
0
0
0
0
0
0
0
0
0
0
0
0
0
0
0
0
0
0
0
0
0
0
0
0
0
0
0
0
0
0
0
0
0
0
0
0
0
1 38 21
0
1 37 22
0
0
0
0
0
0
0
0
0
0
0
0
0
0
0
0
0
0
0
0
0
0
0
0
0
0
0
0
0
0
0
0
0
0
0
0
0
0
0
0
0
0
0
0
0
0
0
0
0
0
0
0
0
0
0
0
0
0
0
0
0
0
0
0
0
0
0
0
0
0
0
0
0
0
0
0
0
0
0
0
0
0
0
0
0
0
0
0
0
0
0
0
0
0
0
0
0
0
0
0
0
0
0
0
0
0
0
0
0
0
0
0
0
0
0
0
0
0
0
0
0
0
0
0
0
0
0
0
0
0
0
0
0
0
0
0
0
0
0
0
0
0
0
0
0
0
0
0
0
0
0
0
0
0
0
0
0
0
0
0
0
0
0
0
0
0
0
0
0
0
0
0
0
0
0
0
0
0
0
0
0
0
0
0
0
0
0
0
0
0
0
0
0
0
0
0
0
0
0
0
0
0
0
0
0
0
0
0
0
0
0
0
0
0
0
0
0
0
0
0
0
0
0
0
0
0
0
0
0
0
0
0
0
0
0
0
0
0
0
0
0
0
0
0
0
0
0
0
0
0
0
0
0
0
0
0
0
0
0
0
0
0
0
0
0
0
0
0
0
0
0
0
0
0
0
0
0
0
0
0
0
0
0
0
0
0
0
0
0
0
0
0
0
0
0
0
0
0
0
1 0 38
0
0
0
0
0
0
0
0
