29 1 12 22 23 20 22 21 22 19 21 20 21 17 22 17 23 1 23 1 3 22 3 3 22 0 5 23 5 5 23 1 7 0 9 9 23 22 11 11 22 0 13 23 13 22 15 15 22 0 17 1 19 0 21 23 21 0 10
1 2 11
1 1 9
1 3 10
1 2 8
1 4 9
0
1 5 8
1 4 6
0
0
1 6 6
2 7 8 7 6
2 8 8 8 6
2 9 8 9 6
1 10 6
2 11 8 11 6
2 12 8 12 6
1 13 6
2 14 8 14 6
2 15 8 15 6
2 16 8 16 6
2 17 8 17 6
2 18 8 18 6
2 19 8 19 6
2 20 8 20 6
1 21 8
0
1 23 6
0
0
1 21 5
1 23 4
0
2 20 5 20 3
1 19 5
2 18 5 18 3
2 17 5 17 3
2 16 5 16 3
2 15 5 15 3
2 14 5 14 3
2 13 5 13 3
2 12 5 12 3
2 11 5 11 3
2 10 5 10 3
2 9 5 9 3
1 8 5
1 6 3
1 7 1
1 5 2
1 6 0
0
0
2 4 2 4 0
2 3 2 3 0
2 2 2 2 0
2 1 2 1 0
0
0
0
1 2 4
0
0
0
0
0
0
0
0
0
0
0
0
0
0
0
0
0
0
0
0
0
0
0
0
0
0
0
0
0
0
0
0
0
0
0
0
0
0
0
0
1 21 10
0
0
0
1 21 12
1 22 14
0
0
1 20 14
1 18 12
1 19 10
2 17 11 21 11
1 18 9
1 16 10
0
0
0
1 15 10
1 14 10
1 13 10
0
1 10 10
1 11 12
2 9 11 13 11
1 10 13
1 8 12
0
0
0
0
0
1 14 12
2 13 13 11 13
1 13 14
1 11 16
0
1 9 15
1 8 13
2 7 15 7 13
2 6 15 6 13
2 5 15 5 13
2 4 15 4 13
0
1 1 15
1 4 16
2 4 17 2 17
1 4 18
2 4 19 2 19
2 4 20 2 20
1 4 21
0
0
0
0
0
1 6 22
1 5 20
0
0
0
0
1 10 20
1 9 18
2 7 19 11 19
1 10 17
0
0
0
0
1 13 18
2 14 18 14 16
2 15 18 15 16
2 16 18 16 16
2 17 18 17 16
1 18 16
2 19 18 19 16
2 20 18 20 16
0
0
2 22 19 20 19
0
0
1 19 19
1 18 19
2 17 21 17 19
1 16 19
2 15 21 15 19
2 14 21 14 19
2 13 21 13 19
1 12 19
0
0
0
0
0
0
0
0
0
0
0
0
0
0
0
0
0
0
0
0
0
0
0
0
0
0
0
0
0
0
0
0
0
0
0
0
0
0
0
0
0
0
0
0
0
0
0
0
0
0
0
0
0
0
0
0
0
0
0
0
0
0
0
0
0
0
0
0
0
0
0
0
0
0
0
0
0
0
0
0
0
0
0
0
0
0
0
0
0
0
0
0
0
0
0
0
0
0
0
0
0
0
0
0
0
0
0
0
0
0
0
0
0
0
0
0
0
0
1 9 1
1 7 0
0
0
0
0
0
0
0
0
0
0
0
0
0
0
0
0
0
0
0
0
0
0
0
0
0
0
0
0
0
0
0
0
0
0
0
0
0
0
0
0
0
0
0
0
0
0
0
0
0
0
0
0
0
0
0
0
0
0
0
0
0
0
0
0
0
0
0
0
0
0
0
0
0
0
0
0
0
0
0
0
0
0
0
0
0
0
0
0
0
0
0
0
0
0
0
0
0
0
0
0
0
0
0
0
0
0
0
0
0
0
0
0
0
0
0
0
0
0
0
0
0
0
0
0
0
0
0
0
0
0
0
0
0
0
0
0
0
0
0
0
0
0
0
0
0
0
0
0
0
0
0
0
0
0
0
0
0
0
0
0
0
0
0
0
0
0
0
0
0
0
0
0
0
0
0
0
0
0
0
0
0
0
0
0
0
0
0
0
0
0
0
0
0
0
0
1 12 2
1 13 2
1 14 2
1 15 2
1 16 2
1 18 1
0
0
0
1 19 1
1 20 1
0
1 22 1
1 23 3
0
0
0
0
0
0
0
0
0
0
0
0
0
0
0
0
0
0
0
0
0
0
0
0
0
0
0
0
0
0
0
0
0
0
0
0
0
0
0
0
0
0
0
0
0
0
0
0
0
0
0
0
0
0
0
0
0
0
0
0
0
0
0
0
0
0
0
0
0
0
0
0
0
0
0
0
0
0
0
0
0
0
0
0
0
0
0
0
0
0
0
0
0
0
1 7 18
0
0
0
0
0
2 8 23 6 23
0
0
0
0
0
0
0
0
0
0
0
0
0
0
0
0
0
0
0
0
0
0
0
0
0
0
0
0
0
0
0
0
0
0
0
0
0
0
0
0
0
0
0
0
0
0
2 9 17 7 17
0
0
0
0
0
0
0
0
0
0
0
0
0
0
0
0
0
0
0
0
0
0
0
0
0
0
1 19 22
0
0
0
0
0
0
0
0
0
0
0
0
0
0
0
0
0
0
0
0
0
0
0
0
0
0
0
0
0
0
0
0
0
0
0
0
0
0
0
0
0
0
0
0
0
0
0
0
0
0
0
0
0
0
0
0
0
0
0
0
0
0
0
0
0
0
0
0
0
0
0
0
0
0
0
0
0
0
0
0
0
0
0
0
0
0
0
0
0
0
0
0
0
0
0
0
0
0
0
0
0
0
0
0
0
0
0
0
0
0
0
0
1 2 7
1 3 4
1 4 4
0
0
0
0
0
0
0
0
0
0
0
0
0
0
0
0
0
0
0
0
0
0
0
0
0
0
0
0
0
0
0
0
0
0
0
0
0
0
0
0
0
0
0
0
0
0
0
0
0
0
0
0
0
0
0
0
0
0
0
0
0
0
0
0
0
0
0
0
0
0
0
0
0
0
0
0
0
0
0
1 1 13
0
0
0
0
0
0
0
0
0
0
0
0
0
0
0
0
0
0
0
0
0
0
0
0
0
0
0
0
0
0
0
0
0
0
0
0
0
0
0
0
0
0
0
0
0
0
0
0
0
0
0
0
0
0
0
0
0
0
0
0
0
0
0
0
0
0
0
0
0
0
0
0
0
0
0
0
0
0
0
0
0
0
0
0
0
0
0
0
0
0
0
0
0
0
0
0
0
0
0
0
0
0
0
0
0
0
0
0
0
0
0
0
0
0
0
0
0
0
0
0
0
0
0
0
0
0
0
0
0
0
0
0
0
0
0
0
0
0
0
0
0
0
0
0
0
0
0
0
0
0
0
0
0
0
0
0
0
0
0
0
0
0
0
0
0
0
0
0
0
0
0
0
0
0
0
0
0
0
0
0
0
0
0
0
0
0
0
0
0
0
0
0
0
0
0
0
0
0
0
0
0
0
0
0
0
0
0
0
0
0
0
0
0
0
0
0
0
0
0
0
0
0
0
0
0
0
0
0
0
0
0
0
0
0
0
0
0
0
0
0
0
0
0
0
0
0
0
0
0
0
0
0
0
0
0
0
0
0
0
0
0
0
0
0
0
0
0
0
0
0
