18 1 11 4 8 2 9 3 9 1 8 1 10 3 6 1 3 20 3 3 20 20 7 7 20 20 11 11 20 21 13 0 17 21 17 20 19
0
0
0
0
0
0
0
0
0
0
0
0
0
0
1 3 14
2 4 14 4 12
2 5 14 5 12
1 6 12
2 7 14 7 12
1 8 12
2 9 14 9 12
2 10 14 10 12
2 11 14 11 12
0
0
0
0
0
0
0
0
0
0
0
0
1 2 15
1 1 17
1 3 16
1 2 18
1 4 17
1 3 19
1 5 18
1 4 20
0
0
1 6 18
0
0
0
1 8 19
0
1 9 18
0
0
1 11 17
2 12 20 12 18
1 13 18
1 14 18
0
1 16 18
2 17 20 17 18
1 18 18
2 19 20 19 18
0
0
1 17 21
0
0
0
0
0
0
0
0
0
0
0
0
0
0
1 12 17
2 13 17 13 15
1 14 15
2 15 17 15 15
2 16 17 16 15
2 17 17 17 15
2 18 17 18 15
1 19 17
0
0
0
0
0
0
0
0
0
0
0
0
0
1 11 21
0
0
0
0
0
0
0
0
0
0
0
0
0
0
0
0
0
0
0
0
0
0
0
0
0
0
0
0
0
0
1 20 13
0
0
0
2 17 12 17 10
2 16 12 16 10
1 15 12
0
0
0
1 16 9
1 14 7
2 13 10 13 8
1 12 10
1 10 8
0
1 9 7
0
0
0
0
0
2 14 5 12 5
2 14 4 12 4
1 14 3
0
0
2 11 3 11 1
1 10 1
0
0
0
0
0
0
0
0
0
0
0
0
0
0
1 15 3
1 16 3
2 17 3 17 1
2 18 3 18 1
1 19 1
0
0
0
2 20 4 18 4
0
0
0
0
0
0
0
0
0
0
0
0
0
0
0
0
0
1 7 2
0
1 5 2
0
0
0
0
1 5 5
2 6 4 6 2
1 7 4
1 8 4
0
0
0
0
1 7 6
0
1 4 6
1 7 7
2 7 8 5 8
1 5 9
1 5 10
0
1 8 9
1 9 11
1 10 9
1 12 11
0
0
0
0
0
0
0
0
0
0
0
