54 12 8 11 7 11 9 9 8 10 9 9 7 9 6 10 5 11 5 12 5 12 7 13 5 13 7 15 6 14 7 15 5 13 4 15 4 13 3 15 3 13 2 15 2 13 1 15 1 13 0 17 0 0 1 19 1 1 19 1 3 3 18 0 5 19 5 5 19 1 7 18 7 7 18 0 9 19 9 9 19 1 11 18 11 11 18 0 13 19 13 13 19 1 15 18 15 15 18 0 17 19 17 17 19 2 10 0 12
1 1 8
1 3 9
1 2 7
1 4 8
1 3 6
1 5 7
1 4 5
1 6 6
1 5 4
1 7 5
1 6 3
1 8 4
1 7 2
1 9 3
1 8 1
1 10 2
0
1 11 1
0
0
0
1 6 2
1 5 2
1 4 2
1 3 2
1 2 2
0
0
0
0
0
0
0
0
0
0
0
0
1 11 4
0
0
0
0
0
1 8 7
0
1 7 8
0
1 6 9
0
1 5 10
0
1 4 11
0
1 3 12
0
1 2 13
0
0
0
1 2 14
0
0
1 2 16
0
1 3 17
0
0
0
0
0
0
1 4 17
1 6 18
1 5 16
1 7 17
1 6 15
1 8 16
1 7 14
1 9 15
1 8 13
1 10 14
1 9 12
1 11 13
1 10 11
1 12 12
0
1 13 11
1 12 9
1 14 10
1 13 8
1 15 9
0
1 16 8
0
1 17 7
1 16 5
0
1 17 4
0
0
0
1 17 8
1 18 10
1 16 9
1 17 11
1 15 10
1 16 12
1 14 11
1 15 13
1 13 12
1 14 14
1 12 13
1 13 15
1 11 14
1 12 16
1 10 15
1 11 17
1 9 16
0
1 8 17
0
0
0
0
0
0
0
0
0
0
0
0
0
0
0
0
0
0
0
0
0
0
0
0
0
0
0
0
0
0
0
0
0
0
0
2 9 11 9 9
1 8 11
2 7 11 7 9
0
0
1 5 13
0
1 4 14
0
0
0
2 4 15 2 15
1 4 16
0
0
0
0
0
0
0
0
0
0
0
0
0
0
0
0
0
0
0
0
0
0
0
0
0
0
0
0
0
0
0
0
0
0
0
0
0
0
0
0
0
0
0
0
0
0
0
0
0
1 12 17
1 14 18
1 13 16
1 15 17
1 14 15
1 16 16
1 15 14
1 17 15
1 16 13
0
1 17 12
0
0
0
1 17 16
0
0
0
0
0
0
0
0
0
0
0
0
0
0
0
0
0
0
0
0
0
0
0
0
0
0
0
0
0
0
0
0
0
0
0
0
0
0
0
0
0
0
0
0
0
1 17 2
0
0
0
0
0
0
0
0
0
0
0
1 17 3
0
0
0
0
0
0
0
0
0
0
0
0
0
0
0
0
0
0
0
