9 1 12 6 10 4 11 5 11 3 10 3 12 5 9 0 10 0 14
0
1 1 9
2 2 9 2 13
0
0
0
0
0
0
1 1 15
1 3 14
1 2 16
0
1 3 17
1 5 16
1 4 18
1 6 17
1 5 19
1 7 18
1 6 20
1 8 19
1 7 21
1 9 20
1 8 22
1 10 21
0
1 11 22
0
0
0
1 12 21
1 13 21
1 14 21
1 15 21
1 16 21
1 17 21
1 18 21
1 19 21
1 20 21
1 21 21
1 22 21
0
0
0
1 21 20
1 22 18
1 20 19
1 21 17
1 19 18
1 20 16
1 18 17
1 19 15
1 17 16
1 18 14
1 16 15
1 17 13
1 15 14
1 16 12
1 14 13
1 15 11
1 13 12
1 14 10
1 12 11
1 13 9
1 11 10
1 12 8
1 10 9
1 11 7
1 9 8
1 10 6
1 8 7
1 9 5
1 7 6
1 8 4
1 6 5
1 7 3
1 5 4
1 6 2
1 4 3
1 5 1
1 3 2
1 4 0
0
0
0
0
0
0
0
0
0
0
0
0
0
0
0
0
0
0
0
0
0
0
0
0
0
0
0
0
0
0
0
0
0
0
0
0
0
0
1 22 15
0
1 21 14
0
1 20 13
0
0
0
0
0
0
0
0
1 22 12
0
1 21 11
1 19 12
1 20 10
1 18 11
1 19 9
1 17 10
1 18 8
1 16 9
1 17 7
1 15 8
1 16 6
1 14 7
1 15 5
1 13 6
1 14 4
1 12 5
1 13 3
1 11 4
1 12 2
1 10 3
1 11 1
1 9 2
1 10 0
1 8 1
0
0
0
0
0
0
0
0
0
0
0
0
0
0
0
0
0
0
0
0
0
0
0
0
0
0
0
0
0
0
0
0
0
0
0
0
0
0
0
0
0
0
0
0
0
0
0
0
0
0
0
0
0
0
0
0
0
0
0
0
0
0
0
0
0
0
0
0
0
0
0
0
0
0
0
0
0
0
0
0
0
0
0
0
0
0
0
0
0
0
0
0
0
0
0
0
0
0
0
0
0
0
0
0
0
0
0
0
0
0
0
0
0
0
0
0
0
0
0
1 2 1
0
0
0
1 1 2
0
0
0
0
1 1 5
0
1 2 4
0
1 2 6
1 1 8
1 3 7
0
1 4 8
0
0
0
0
