15 1 11 7 10 5 11 6 11 4 10 6 9 3 9 2 8 0 6 5 8 4 7 3 6 1 4 0 9 0 13
1 2 10
0
0
0
0
0
0
0
0
0
0
0
1 2 12
1 1 14
1 3 13
1 2 15
1 4 14
1 3 16
1 5 15
1 4 17
1 6 16
1 5 18
1 7 17
1 6 19
1 8 18
1 7 20
1 9 19
0
0
1 7 21
0
0
1 10 20
1 11 20
1 12 20
1 13 20
1 14 20
1 15 20
0
0
1 18 20
1 17 18
1 19 19
1 18 17
1 20 18
1 19 16
1 21 17
0
0
1 21 14
0
0
0
1 20 13
1 21 11
1 19 12
1 20 10
1 18 11
1 19 9
1 17 10
0
0
0
0
0
0
0
0
0
1 21 8
0
1 20 7
1 18 8
1 19 6
1 17 7
1 18 5
1 16 6
0
1 15 5
1 16 3
1 14 4
1 15 2
1 13 3
1 14 1
1 12 2
0
1 11 1
0
0
0
1 10 2
1 9 2
1 8 2
1 7 2
1 6 2
1 5 2
0
1 3 2
1 2 2
1 1 2
0
0
0
0
0
0
1 3 4
2 4 4 4 2
0
0
0
0
0
1 4 6
2 5 6 5 4
2 6 6 6 4
2 7 6 7 4
2 8 6 8 4
2 9 6 9 4
2 10 6 10 4
2 11 6 11 4
1 12 6
2 13 6 13 4
0
0
1 15 8
0
0
0
2 17 9 15 9
1 15 10
2 17 11 15 11
2 17 12 15 12
2 17 13 15 13
2 17 14 15 14
2 17 15 15 15
1 15 16
1 17 17
1 15 19
1 14 18
1 12 16
1 13 14
1 11 15
1 12 13
1 10 14
0
0
0
0
0
0
0
1 13 12
1 13 11
1 13 10
0
0
0
2 12 9 12 7
2 11 9 11 7
1 10 9
0
0
1 8 8
0
0
0
1 8 11
0
0
1 10 11
1 8 12
2 10 13 8 13
0
2 10 15 8 15
2 10 16 8 16
1 10 17
0
0
1 11 19
0
0
0
0
0
0
0
1 7 13
2 6 15 6 13
0
0
0
0
0
1 4 11
0
0
0
0
0
0
0
0
0
0
0
0
0
0
0
0
0
0
0
0
0
0
0
0
0
0
0
0
0
0
0
0
0
0
0
0
0
0
0
0
0
0
0
0
0
0
0
0
0
0
0
0
0
0
0
0
0
0
0
0
0
0
0
0
0
0
0
0
0
0
0
0
0
0
0
0
0
0
0
0
0
0
0
0
0
0
0
0
0
1 16 2
1 17 2
1 18 2
1 19 2
1 20 2
1 21 2
0
0
0
0
0
0
0
0
0
0
0
0
0
0
0
0
0
0
0
0
0
0
0
0
0
0
0
0
0
0
0
0
0
0
0
0
0
0
0
0
0
0
0
0
0
0
0
0
0
0
0
0
0
0
0
0
0
1 5 20
0
0
2 3 22 3 20
1 2 20
1 1 20
2 0 22 0 20
0
0
0
0
0
2 5 19 3 19
0
0
2 2 19 2 17
0
0
0
0
0
0
0
0
0
0
0
0
0
0
0
0
0
0
0
0
0
0
0
0
0
0
0
0
0
0
0
0
0
0
0
0
0
0
0
0
0
0
0
0
0
0
0
0
0
0
0
0
0
0
0
0
0
0
0
0
0
0
0
0
0
0
0
0
0
0
0
0
0
0
0
1 1 6
0
0
0
0
0
0
0
