60 1 18 32 33 30 32 31 32 29 31 31 34 29 32 30 30 31 30 32 30 32 32 33 30 33 32 34 30 34 32 35 30 35 34 0 1 1 35 1 3 34 3 3 34 0 5 35 5 5 35 1 7 7 34 0 9 35 9 9 35 1 11 34 11 11 34 0 13 35 13 13 35 1 15 15 34 0 17 35 17 17 35 34 19 19 34 0 21 35 21 21 35 1 23 34 23 0 25 35 25 25 35 1 27 34 27 27 34 0 29 29 35 1 31 0 33 33 35 0 20
1 2 19
1 1 21
1 3 20
1 2 22
1 4 21
1 3 23
1 5 22
1 4 24
1 6 23
1 5 25
1 7 24
1 6 26
1 8 25
1 7 27
1 9 26
0
0
2 9 28 7 28
2 9 29 7 29
2 9 30 7 30
2 9 31 7 31
2 9 32 7 32
2 9 33 7 33
0
0
1 10 35
1 12 33
1 11 31
0
1 12 32
0
1 11 30
1 11 29
1 11 28
1 11 27
1 11 26
1 11 25
1 9 23
0
1 8 22
0
1 7 21
0
1 6 20
0
1 5 19
0
1 4 18
0
1 3 17
0
1 2 16
0
0
0
0
0
1 2 14
1 1 12
1 3 13
1 2 11
1 4 12
1 3 10
1 5 11
1 4 9
1 6 10
1 5 8
1 7 9
1 6 7
1 8 8
1 7 6
1 9 7
1 8 5
1 10 6
1 9 4
1 11 5
1 10 3
1 12 4
1 11 2
1 13 3
1 12 1
1 14 2
0
1 15 1
0
0
0
1 16 2
1 17 2
1 18 2
1 19 2
1 20 2
1 21 2
1 22 2
1 23 2
1 24 2
1 25 2
1 26 2
1 27 2
1 28 2
1 29 2
1 30 2
1 31 2
1 32 2
1 33 2
0
0
1 35 0
0
0
1 33 4
1 34 6
1 32 5
0
1 31 6
1 32 8
1 30 7
1 31 9
1 29 8
1 30 10
1 28 9
1 29 11
1 27 10
1 28 12
1 26 11
1 27 13
1 25 12
1 26 14
1 24 13
1 25 15
1 23 14
1 24 16
1 22 15
1 23 17
1 21 16
1 22 18
1 20 17
1 21 19
1 19 18
1 20 20
1 18 19
1 19 21
1 17 20
1 18 22
1 16 21
1 17 23
1 15 22
1 16 24
1 14 23
1 15 25
1 13 24
1 14 26
0
1 13 27
1 12 26
0
1 11 22
1 13 23
1 10 21
0
1 9 20
0
1 8 19
0
1 7 18
0
1 6 17
0
1 5 16
0
1 4 15
0
1 3 14
0
0
0
0
0
0
0
0
0
0
0
0
0
0
0
0
1 14 22
2 13 21 11 21
2 13 20 11 20
2 13 19 11 19
2 13 18 11 18
2 13 17 11 17
2 13 16 11 16
2 13 15 11 15
2 13 14 11 14
2 13 13 11 13
2 13 12 11 12
2 13 11 11 11
2 13 10 11 10
2 13 9 11 9
2 13 8 11 8
1 13 7
0
0
0
0
1 14 6
1 13 4
1 15 5
1 14 3
1 16 4
1 15 2
0
0
1 17 4
1 18 4
1 19 4
1 20 4
1 21 4
1 22 4
1 23 4
1 24 4
1 25 4
1 26 4
1 27 4
1 28 4
1 29 4
1 30 4
0
0
0
0
1 29 6
1 28 6
1 27 6
1 26 6
1 25 6
1 24 6
1 23 6
1 22 6
1 21 6
1 20 6
1 19 6
1 18 6
0
0
2 18 7 16 7
2 18 8 16 8
2 18 9 16 9
2 18 10 16 10
2 18 11 16 11
2 18 12 16 12
2 18 13 16 13
2 18 14 16 14
2 18 15 16 15
2 18 16 16 16
1 16 17
0
0
0
1 20 14
0
1 21 13
0
1 22 12
0
1 23 11
0
1 24 10
0
1 25 9
0
1 26 8
0
1 27 7
0
0
0
0
0
0
0
0
0
0
0
0
0
0
0
0
0
0
0
0
0
0
0
0
0
0
0
0
0
0
0
0
0
0
0
0
0
0
0
0
0
0
0
0
0
0
0
0
0
0
0
0
0
0
0
0
0
0
0
0
0
0
0
0
0
0
0
0
0
0
0
0
0
0
0
0
0
0
0
0
0
0
0
0
0
0
0
0
0
0
0
0
0
0
0
0
0
0
0
0
0
0
0
0
0
0
0
0
0
0
0
0
0
0
0
0
0
0
0
0
0
0
0
0
0
0
0
0
0
0
0
0
0
2 34 9 32 9
2 34 10 32 10
1 32 11
1 32 12
2 34 13 32 13
2 34 14 32 14
1 32 15
1 32 16
2 34 17 32 17
2 34 18 32 18
1 32 19
1 32 20
2 34 21 32 21
2 34 22 32 22
1 32 23
1 32 24
2 34 25 32 25
2 34 26 32 26
1 32 27
2 34 28 32 28
0
0
1 31 28
1 30 28
2 29 30 29 28
2 28 30 28 28
2 27 30 27 28
2 26 30 26 28
2 25 30 25 28
2 24 30 24 28
2 23 30 23 28
2 22 30 22 28
2 21 30 21 28
2 20 30 20 28
2 19 30 19 28
2 18 30 18 28
2 17 30 17 28
2 16 30 16 28
2 15 30 15 28
1 14 30
0
0
0
1 16 26
1 17 26
1 18 26
1 19 26
1 20 26
1 21 26
1 22 26
1 23 26
1 24 26
1 25 26
1 26 26
1 27 26
1 28 26
1 29 26
1 30 26
0
0
1 30 25
1 30 24
1 30 23
1 30 22
1 30 21
1 30 20
1 30 19
0
1 30 16
2 29 19 29 17
2 28 19 28 17
2 27 19 27 17
2 26 19 26 17
1 25 19
0
0
0
1 27 15
1 28 15
0
0
1 30 13
2 31 16 31 14
0
0
0
0
0
0
0
0
0
0
0
0
0
0
0
0
0
0
0
0
0
0
0
0
0
0
0
0
0
0
0
0
0
0
0
0
0
0
0
0
0
0
0
0
0
0
0
0
0
0
0
0
0
0
0
0
0
0
0
0
0
0
0
0
0
0
0
0
0
0
0
0
0
0
0
0
0
0
0
0
0
0
0
0
0
0
0
0
0
0
0
0
0
0
0
0
0
0
0
0
0
0
0
0
0
0
0
0
0
0
0
0
0
0
0
0
0
1 10 2
1 9 2
1 8 2
1 7 2
1 6 2
1 5 2
1 4 2
1 3 2
1 2 2
0
0
0
0
0
0
0
1 2 4
1 1 6
1 3 5
1 2 7
1 4 6
0
0
0
0
0
0
0
0
0
0
0
0
0
0
0
0
0
0
0
0
0
0
0
0
0
0
0
0
0
0
0
0
0
0
0
0
0
0
0
0
0
0
0
0
0
0
0
0
0
0
0
0
0
0
0
0
0
0
0
0
0
0
0
0
0
0
0
0
0
0
0
0
0
0
0
0
0
0
0
0
0
0
0
0
0
0
0
0
0
0
0
0
0
0
0
0
0
0
0
1 13 30
0
0
0
1 13 33
1 14 32
1 15 32
1 16 32
1 17 32
1 18 32
1 19 32
1 20 32
1 21 32
1 22 32
1 23 32
1 24 32
1 25 32
1 26 32
1 27 32
0
0
1 27 33
0
0
0
1 26 33
1 24 34
0
0
0
0
0
0
0
0
0
0
0
