50 13 14 14 13 14 15 16 14 15 13 15 16 17 14 17 16 18 14 18 16 19 14 19 16 21 15 20 14 20 17 21 19 14 11 13 11 14 10 15 11 15 10 14 9 13 10 12 11 11 12 11 13 11 14 10 15 11 16 12 17 13 18 14 19 13 20 14 21 13 13 12 16 13 17 14 18 17 12 16 11 15 18 18 12 16 18 19 12 17 18 20 12 18 18 19 19 2 11 0 13
1 1 13
0
0
0
1 2 14
0
0
0
2 5 14 5 12
1 6 14
1 7 14
1 9 12
1 8 10
1 6 11
1 9 9
0
0
0
1 12 8
1 10 9
0
0
0
0
0
1 9 13
0
1 9 16
0
1 6 15
1 7 16
1 9 17
1 7 19
2 6 18 6 16
1 5 18
0
0
1 3 17
2 2 17 2 15
2 1 17 1 15
0
0
1 2 18
1 1 20
0
0
1 3 20
0
0
1 1 21
0
0
1 5 19
1 6 19
0
0
0
1 10 19
1 11 19
0
0
0
0
0
0
0
0
0
0
0
0
0
0
0
0
0
0
0
0
0
0
0
0
0
0
0
0
0
0
0
0
0
0
0
0
0
0
0
0
0
0
0
0
0
0
0
0
0
0
0
0
0
1 13 7
1 15 8
1 14 6
1 16 7
1 15 5
1 17 6
1 16 4
0
1 17 3
1 19 4
1 18 2
0
0
1 20 2
0
2 21 5 19 5
2 21 6 19 6
1 21 7
0
1 18 8
0
0
1 16 10
1 18 9
0
0
0
1 19 10
0
0
0
1 20 10
0
0
0
0
0
0
0
0
0
0
0
0
0
0
0
0
0
0
0
0
0
0
0
0
0
0
0
0
0
0
0
0
0
0
0
0
0
0
