31 9 8 8 7 8 9 6 8 7 9 6 7 6 6 7 5 8 5 9 5 9 7 10 5 10 7 12 6 11 7 12 5 10 4 11 3 13 4 12 2 13 2 14 2 14 4 16 3 15 4 16 2 14 1 16 1 14 0 2 10 0 8
2 1 8 1 12
1 3 9
0
0
1 3 6
1 4 9
0
0
0
1 5 6
1 5 5
1 3 3
2 2 6 2 4
2 1 6 1 4
0
0
1 2 3
0
1 3 2
1 2 0
2 0 1 4 1
0
0
0
1 5 2
1 6 2
1 7 2
1 8 2
1 9 2
0
0
0
1 12 0
1 13 0
0
0
0
0
0
0
0
0
0
2 6 5 6 3
0
0
0
0
0
0
0
0
0
0
0
0
0
0
0
0
0
0
0
0
0
0
0
0
0
0
0
0
0
0
0
0
0
0
0
0
1 2 13
2 3 12 3 10
2 4 12 4 10
2 5 12 5 10
1 6 12
2 7 12 7 10
2 8 12 8 10
2 9 12 9 10
2 10 12 10 10
2 11 12 11 10
2 12 12 12 10
1 13 10
2 14 12 14 10
2 15 12 15 10
1 16 12
1 17 12
0
2 18 9 16 9
2 18 8 16 8
2 18 7 16 7
2 18 6 16 6
1 18 5
0
1 15 6
0
0
1 13 8
1 15 7
0
0
1 13 9
0
1 10 8
0
0
0
0
0
0
0
0
0
0
0
0
0
1 19 4
1 18 3
0
0
0
0
0
0
0
0
0
0
0
0
0
0
0
0
0
0
0
0
0
0
0
0
2 19 3 19 1
0
0
0
0
0
0
0
0
0
0
0
0
0
1 18 13
1 19 15
1 17 14
1 18 16
0
1 17 17
1 15 16
0
1 14 17
0
1 13 18
0
0
0
1 12 18
2 11 20 11 18
2 10 20 10 18
1 9 20
0
1 10 17
0
0
0
2 5 18 5 16
2 4 18 4 16
2 3 18 3 16
2 2 18 2 16
1 1 16
0
0
1 2 15
1 1 13
0
0
2 3 15 3 13
2 4 15 4 13
2 5 15 5 13
2 6 15 6 13
2 7 15 7 13
2 8 15 8 13
2 9 15 9 13
1 10 15
0
0
0
0
0
0
0
0
0
0
0
0
0
0
0
0
0
0
0
0
0
0
0
0
0
0
0
0
0
0
0
0
0
0
0
0
0
0
0
0
0
0
0
0
0
0
0
0
0
0
0
0
0
0
0
0
0
0
0
0
0
0
0
0
0
0
0
0
0
0
0
0
0
0
0
0
0
0
0
0
0
0
0
0
0
0
0
0
0
0
0
0
0
0
0
0
0
0
0
0
0
0
0
0
0
0
0
0
0
0
0
0
0
0
0
0
0
0
0
0
0
0
0
0
0
0
0
0
0
0
0
0
0
0
0
0
0
0
0
0
0
0
1 12 14
1 13 14
1 14 14
0
0
0
0
0
0
0
0
0
0
0
0
0
0
0
0
0
0
0
0
0
0
0
0
0
0
0
0
0
0
0
0
0
0
0
0
0
0
0
0
0
0
0
0
0
0
0
0
0
0
0
0
0
0
0
0
0
1 19 18
0
0
0
0
0
0
0
0
1 17 18
0
0
0
0
0
0
0
0
0
0
0
0
0
0
0
0
0
0
0
0
0
0
0
0
0
0
0
0
0
0
0
0
0
0
0
0
0
0
0
2 2 19 0 19
1 0 20
0
0
0
0
0
0
0
0
0
0
0
0
0
0
0
0
0
0
0
0
0
0
0
0
0
0
0
0
0
0
0
0
0
0
0
0
0
0
0
0
0
0
0
0
0
0
0
0
0
0
0
0
0
0
0
0
0
0
0
0
0
0
0
0
