51 17 10 15 11 16 10 15 12 16 14 17 15 18 16 19 18 18 10 17 9 16 9 15 10 14 11 13 10 12 11 11 12 11 13 11 14 12 15 13 16 13 17 13 18 12 18 11 18 12 17 11 17 10 18 9 18 10 17 11 16 10 16 9 17 8 18 8 17 9 16 8 16 7 17 6 18 5 18 6 17 7 16 8 15 9 15 9 14 8 14 7 15 6 16 5 17 4 18 2 10 0 8
0
0
0
1 2 12
1 1 14
0
0
0
0
0
0
1 4 14
1 3 12
1 5 13
0
1 6 12
1 5 10
1 7 11
1 6 9
0
0
1 8 11
1 9 11
1 11 9
0
0
2 11 7 9 7
1 9 6
1 11 5
2 11 4 9 4
2 11 3 9 3
1 11 2
1 11 1
0
0
1 12 2
1 13 2
1 14 2
1 15 2
1 17 1
1 16 3
0
1 17 4
0
0
0
0
1 19 4
2 19 5 17 5
2 19 6 17 6
2 19 7 17 7
1 19 8
1 19 9
0
0
0
1 14 7
1 15 5
0
0
0
0
0
2 14 5 14 3
1 13 3
1 12 3
0
0
1 12 6
0
0
0
0
0
2 14 10 14 8
0
0
0
0
0
0
0
0
0
0
0
1 11 15
0
0
0
0
0
0
0
0
0
0
0
0
0
0
0
0
0
0
0
0
0
0
0
0
0
0
0
0
0
1 17 18
0
1 14 17
0
0
0
0
0
0
0
0
0
0
0
0
