20 1 13 3 3 1 4 2 4 0 5 2 1 25 1 24 3 3 24 25 5 5 25 7 24 0 9 9 25 24 11 25 13 19 24 1 23 23 24 0 11
0
0
1 3 15
1 2 17
1 4 16
0
1 5 17
1 4 19
1 6 18
1 5 20
1 7 19
1 6 21
1 8 20
0
0
0
0
0
0
0
0
0
0
0
0
0
0
0
0
0
1 2 10
0
2 4 13 4 11
1 5 13
2 6 13 6 11
2 7 13 7 11
1 8 13
1 10 11
1 9 9
1 7 10
1 10 8
0
0
2 12 10 12 8
1 13 8
0
0
0
0
0
0
0
0
0
0
0
0
0
2 9 8 7 8
1 7 7
2 9 6 7 6
2 9 5 7 5
2 9 4 7 4
1 9 3
1 7 1
2 6 4 6 2
2 5 4 5 2
0
0
0
0
0
0
0
0
0
0
1 9 2
0
0
1 12 2
1 11 4
0
0
0
0
1 11 7
1 12 4
1 13 4
0
0
1 15 5
2 16 7 16 5
2 17 7 17 5
2 18 7 18 5
2 19 7 19 5
1 20 7
1 21 7
2 22 7 22 5
0
1 24 7
0
0
1 22 8
1 22 9
0
0
1 21 10
1 22 12
0
1 21 11
0
0
0
1 21 13
1 22 15
1 20 14
1 21 16
0
0
0
1 17 14
0
1 16 13
0
0
2 18 11 16 11
1 18 10
0
0
1 13 11
1 14 13
1 12 12
1 13 14
0
1 12 15
1 10 14
1 11 16
0
0
0
0
1 11 19
2 12 18 12 16
2 13 18 13 16
1 14 16
2 15 18 15 16
2 16 18 16 16
1 17 18
2 18 18 18 16
0
0
1 20 20
2 18 19 22 19
1 21 21
0
1 22 22
0
0
0
0
0
0
1 17 20
1 18 22
1 16 21
0
1 15 22
0
0
1 19 22
1 20 24
0
1 22 24
1 23 22
0
0
1 25 21
1 25 20
1 23 19
2 25 18 23 18
0
0
0
0
0
0
0
0
0
0
0
0
0
1 15 24
1 14 22
2 13 24 13 22
1 12 22
2 11 24 11 22
0
1 8 22
0
0
0
2 11 20 9 20
0
0
0
0
0
0
0
0
0
0
0
0
0
0
0
0
0
0
0
0
0
0
0
0
0
0
0
0
0
0
0
0
1 8 14
0
0
0
0
0
0
0
0
0
0
0
0
0
0
0
0
0
0
0
0
0
0
0
0
0
0
0
0
0
0
0
0
0
0
0
0
0
0
0
0
0
0
0
0
0
0
0
0
0
0
0
0
0
0
0
0
0
0
0
0
0
0
0
0
0
0
0
0
0
0
0
0
0
0
0
0
0
