46 6 0 5 1 3 0 2 2 2 3 4 3 2 4 3 5 5 4 4 6 5 6 7 5 7 6 5 7 7 7 5 8 7 8 7 9 6 10 4 9 4 10 4 11 6 11 4 12 6 12 4 13 6 13 4 14 5 15 7 14 7 15 7 16 6 17 4 16 5 18 4 18 3 16 3 18 2 16 2 18 1 16 1 18 0 16 2 10 0 8 0 12
1 1 12
1 3 9
0
0
0
0
1 0 7
2 3 6 1 6
0
1 1 3
1 0 6
0
0
0
0
0
0
0
0
0
0
0
0
0
0
0
0
0
1 6 6
0
0
2 8 5 8 3
1 9 5
1 11 3
1 10 1
2 8 2 12 2
0
0
1 10 0
0
1 13 2
1 14 2
1 15 2
1 16 2
1 17 2
1 18 2
0
0
0
1 17 3
1 18 5
0
0
0
1 17 6
1 18 8
1 16 7
0
1 15 8
1 16 10
1 14 9
1 15 11
0
0
0
0
0
0
0
0
0
0
1 18 11
0
0
0
1 17 12
1 18 14
1 16 13
1 17 15
1 15 14
1 16 16
1 14 15
1 15 17
1 13 16
1 14 18
1 12 17
1 13 19
1 11 18
0
0
0
1 10 17
1 9 17
0
0
0
0
1 9 15
1 9 14
1 9 13
2 9 12 7 12
1 9 11
2 9 10 7 10
1 9 9
1 9 8
1 9 7
0
0
0
0
0
0
0
0
0
0
0
0
0
0
0
0
0
0
0
0
0
0
0
0
0
0
0
0
0
0
0
0
0
0
0
0
0
0
0
0
0
0
0
0
0
0
0
0
0
0
0
0
0
0
0
0
0
0
0
0
0
0
0
0
0
0
0
0
0
0
0
0
0
0
0
0
0
0
0
0
0
0
0
0
0
0
0
0
0
0
0
0
0
0
0
0
0
0
0
0
0
0
0
0
0
0
0
0
1 7 2
0
0
0
0
0
0
0
0
0
0
0
0
0
0
0
0
0
0
0
0
0
0
0
0
0
0
0
0
0
0
0
0
0
1 3 10
0
0
0
0
0
0
0
0
0
0
0
0
0
0
0
0
0
0
0
0
