11 0 14 0 16 2 15 1 14 2 16 2 17 1 18 0 20 2 10 0 8 0 12
2 1 8 1 12
1 3 9
1 2 7
1 4 8
1 3 6
1 5 7
1 4 5
1 6 6
1 5 4
1 7 5
1 6 3
1 8 4
1 7 2
1 9 3
1 8 1
1 10 2
0
1 11 1
0
2 6 0 12 0
0
0
0
0
0
0
0
0
0
0
0
0
0
0
0
0
0
0
0
0
1 2 14
2 3 12 3 10
2 4 12 4 10
2 5 12 5 10
2 6 12 6 10
2 7 12 7 10
2 8 12 8 10
2 9 12 9 10
2 10 12 10 10
2 11 12 11 10
2 12 12 12 10
2 13 12 13 10
2 14 12 14 10
2 15 12 15 10
2 16 12 16 10
2 17 12 17 10
2 18 12 18 10
1 19 10
1 20 12
0
1 18 9
1 19 7
1 17 8
1 18 6
1 16 7
1 17 5
1 15 6
1 16 4
1 14 5
1 15 3
1 13 4
1 14 2
1 12 3
1 13 1
0
0
0
0
1 10 5
1 12 4
1 9 6
0
1 8 7
0
1 7 8
0
1 6 9
0
0
0
0
0
0
0
0
1 13 5
2 12 6 10 6
2 12 7 10 7
2 12 8 10 8
0
0
0
0
0
0
0
0
0
0
0
0
0
0
0
0
0
0
0
0
0
0
0
0
0
0
0
0
0
0
0
0
0
0
0
0
0
0
0
0
0
0
0
0
0
0
0
0
0
0
0
0
0
0
0
0
0
0
0
0
0
0
0
0
0
0
1 5 1
0
0
0
0
0
0
0
0
0
0
0
0
0
0
0
0
0
0
0
0
0
0
0
0
0
1 3 15
1 4 14
1 5 14
1 6 14
1 7 14
1 8 14
1 9 14
1 10 14
1 11 14
1 12 14
1 13 14
1 14 14
1 15 14
1 16 14
1 17 14
1 18 14
1 19 14
0
0
1 18 15
1 19 17
1 17 16
1 18 18
1 16 17
1 17 19
1 15 18
1 16 20
1 14 19
0
1 12 20
0
1 13 18
1 11 19
1 12 17
1 10 18
1 11 16
1 9 17
0
1 8 16
0
2 6 15 13 15
0
0
1 5 16
2 8 17 6 17
2 8 18 6 18
2 8 19 6 19
0
0
1 5 18
1 4 18
1 3 16
0
0
0
0
0
1 5 15
0
0
0
0
0
0
0
0
0
0
0
0
0
0
0
0
0
0
0
0
0
0
0
1 9 18
0
0
0
0
0
0
0
0
0
0
0
0
0
0
0
