32 13 13 12 12 12 14 10 13 11 14 11 11 10 11 9 11 9 13 8 11 8 13 7 11 7 13 6 11 6 13 5 11 5 13 4 11 4 13 2 12 3 11 3 14 1 13 2 15 0 14 0 15 2 16 1 17 0 19 2 11 0 9 0 13
1 1 9
0
0
0
1 2 8
1 3 9
1 4 9
1 5 9
1 6 9
1 7 9
1 8 9
1 9 9
1 10 9
1 11 9
2 12 11 12 9
1 13 9
2 14 11 14 9
2 15 11 15 9
2 16 11 16 9
2 17 11 17 9
2 18 11 18 9
2 19 11 19 9
1 20 11
0
0
1 19 12
1 20 14
1 18 13
1 19 15
0
0
0
0
0
0
1 20 17
0
1 19 18
1 17 17
1 18 19
1 16 18
1 17 20
1 15 19
1 16 21
1 14 20
0
0
0
1 13 19
1 12 19
0
1 10 19
1 9 19
1 7 20
1 8 18
1 6 19
0
0
2 8 17 6 17
2 8 16 6 16
2 8 15 6 15
0
0
1 5 15
0
0
1 5 16
0
0
0
0
0
2 4 19 2 19
2 4 20 2 20
1 4 21
0
0
0
0
0
0
0
0
0
0
0
0
1 9 15
0
1 12 15
1 11 17
2 9 16 13 16
1 12 18
1 14 17
0
0
0
0
0
2 16 16 14 16
1 16 15
1 16 14
0
1 13 15
0
1 16 13
1 13 12
0
0
0
0
0
0
0
0
0
0
0
0
0
0
0
0
0
0
0
0
0
0
0
0
0
0
0
0
0
0
0
0
0
0
0
0
0
0
0
0
0
0
0
0
0
0
0
0
0
0
0
0
0
0
0
0
0
0
0
0
0
0
0
0
0
0
0
0
0
0
0
0
0
0
0
0
0
0
0
0
0
0
0
0
0
0
0
0
0
0
0
0
0
0
0
0
0
0
0
0
0
0
0
0
0
0
1 19 8
1 20 6
1 18 7
1 19 5
1 17 6
1 18 4
1 16 5
1 17 3
1 15 4
1 16 2
1 14 3
1 15 1
0
0
2 13 3 13 1
2 12 3 12 1
2 11 3 11 1
1 10 3
1 8 1
0
0
0
0
0
0
0
0
0
0
0
0
0
0
0
0
0
0
0
0
0
1 20 3
0
1 19 2
0
1 18 1
0
0
0
0
0
0
0
0
0
0
0
0
0
0
0
0
0
0
0
0
0
0
0
1 9 3
1 8 3
1 7 3
2 6 3 6 1
2 5 3 5 1
2 4 3 4 1
2 3 3 3 1
2 2 3 2 1
2 1 3 1 1
0
0
1 2 4
1 1 6
1 3 5
0
1 4 6
1 3 8
1 5 7
0
0
0
1 6 7
1 7 7
1 8 7
1 9 7
1 10 7
1 11 7
1 12 7
1 13 7
1 14 7
1 15 7
0
0
0
0
1 14 5
1 13 5
1 12 5
1 11 5
1 10 5
1 9 5
1 8 5
0
1 6 5
0
0
0
0
0
0
0
0
0
0
0
0
0
0
0
0
0
0
0
0
0
0
0
0
0
0
0
0
0
0
0
0
0
0
0
0
0
0
0
0
0
0
0
0
0
0
0
0
0
0
0
0
0
0
0
0
0
0
0
0
0
0
0
0
0
0
0
0
0
1 20 0
0
0
0
0
0
0
0
0
0
0
0
0
0
0
0
0
0
0
0
0
0
0
0
0
0
0
0
0
0
0
0
0
0
0
0
0
0
0
0
0
0
0
0
0
0
0
0
0
0
0
0
0
0
0
0
0
0
0
0
0
0
0
0
0
0
0
0
0
0
0
0
0
0
0
0
0
0
0
0
0
0
0
0
0
0
0
0
0
0
0
0
0
0
0
0
0
0
0
0
0
0
0
0
0
0
0
0
0
0
0
0
0
0
0
0
0
0
0
0
0
0
0
0
0
0
0
0
0
0
0
0
0
0
0
0
0
0
0
0
0
0
0
0
0
0
0
0
0
0
0
0
0
0
0
0
0
0
0
0
0
0
0
0
0
0
0
0
0
0
0
0
0
0
0
0
0
0
0
0
0
0
0
0
0
0
0
0
0
0
0
0
0
0
0
0
0
0
0
0
0
0
0
0
0
0
0
0
0
0
0
0
0
0
0
0
0
0
0
0
0
0
0
0
0
0
0
0
0
0
0
0
0
0
0
0
0
0
0
0
0
0
0
0
0
0
0
0
0
0
0
0
0
0
0
0
0
0
0
0
0
0
0
0
0
0
0
0
0
0
0
0
0
0
0
0
0
0
0
0
0
0
0
0
0
0
0
0
0
0
0
0
0
0
0
0
0
0
0
0
0
0
0
0
0
0
0
0
0
0
0
0
0
0
0
0
0
0
0
0
0
0
0
0
0
0
0
0
0
1 17 0
0
0
0
0
0
0
0
0
0
0
0
0
0
0
0
0
0
0
0
0
1 20 20
0
0
0
0
0
0
0
0
0
0
0
0
0
0
0
0
0
0
0
0
0
0
0
0
0
0
0
0
0
0
0
0
0
0
0
0
0
0
0
0
1 5 17
0
0
0
0
0
0
0
0
0
0
0
0
0
0
0
0
0
0
0
0
0
0
0
0
0
0
0
0
0
0
0
0
0
0
0
0
0
0
0
0
0
0
0
0
0
0
0
0
0
0
0
0
0
0
0
0
0
0
0
0
0
0
0
0
0
0
0
0
0
0
0
0
0
0
0
0
0
0
0
0
0
0
0
0
0
0
0
0
0
0
0
0
0
0
0
0
0
0
0
0
0
0
0
0
0
0
0
0
0
0
0
0
0
0
0
0
0
0
0
0
0
0
0
0
0
0
0
0
0
0
0
0
0
0
0
0
0
0
0
0
0
0
0
0
0
0
0
0
0
0
0
0
0
0
0
0
0
0
0
0
0
0
0
0
0
0
0
0
0
0
0
0
0
0
0
0
0
0
0
0
0
0
0
0
0
0
0
0
0
0
0
0
0
0
1 19 21
0
0
0
0
0
0
0
0
0
0
0
0
0
0
0
0
0
0
0
0
0
0
0
0
0
0
0
0
0
0
0
0
0
0
0
0
0
0
0
0
0
0
1 6 20
0
0
0
0
0
0
0
0
0
0
0
0
0
0
0
0
0
0
0
0
0
0
0
0
0
0
0
0
0
0
0
0
0
0
0
0
0
0
0
0
0
0
0
0
0
0
0
0
0
0
0
0
0
0
0
0
0
0
0
0
0
0
0
0
0
0
0
0
0
0
0
0
0
0
0
0
0
0
0
0
0
1 0 8
0
0
0
0
0
0
0
0
0
0
0
0
0
0
0
0
0
0
0
0
0
0
0
0
0
0
0
0
0
0
0
0
0
0
0
0
0
0
0
0
0
0
0
0
0
0
0
0
0
0
0
0
0
0
0
0
0
0
0
0
0
0
0
0
0
0
0
0
0
0
0
0
0
0
0
0
0
0
0
0
0
0
0
0
0
0
0
0
0
0
0
1 9 17
1 9 18
0
0
0
0
0
0
0
0
0
0
0
0
0
0
0
0
0
0
0
0
0
0
0
0
0
0
0
0
0
0
0
0
0
0
0
0
0
0
0
0
0
0
0
0
0
0
0
0
0
0
0
0
0
0
0
0
0
0
0
0
0
0
0
0
0
0
0
0
0
0
0
0
0
0
0
0
0
0
0
0
0
0
0
0
0
0
0
0
0
0
0
0
0
0
0
0
0
0
0
0
0
0
0
0
0
0
0
0
0
0
0
0
0
0
0
0
0
0
0
0
0
0
0
0
0
0
0
0
0
0
0
0
0
0
0
0
0
0
0
0
0
0
