102 17 19 16 18 16 20 14 19 15 18 15 21 14 21 13 19 13 21 12 19 12 21 11 19 11 21 10 21 9 19 8 19 8 21 7 19 7 21 6 19 6 21 5 19 5 21 4 19 4 21 3 19 3 21 2 19 2 21 0 20 1 19 0 22 2 22 0 23 2 23 0 24 2 24 1 26 0 28 15 23 14 24 13 25 12 26 11 27 11 28 11 29 11 30 11 31 11 32 16 21 16 23 12 17 13 17 17 23 18 21 18 23 14 16 15 16 16 16 17 16 17 18 19 20 21 20 18 16 18 18 21 19 19 16 19 18 21 18 11 17 21 17 20 16 21 21 19 23 13 23 10 17 21 22 20 23 12 23 9 17 11 23 8 17 10 23 7 17 9 23 6 17 8 23 5 17 4 17 3 17 5 23 2 17 4 23 1 17 4 24 4 25 4 26 3 27 2 28 2 16 0 14 0 19
1 1 14
0
0
0
0
0
1 3 15
0
0
1 6 15
0
0
0
0
0
1 12 15
0
0
0
0
1 16 14
0
0
1 19 14
0
0
1 23 19
0
0
0
0
0
0
1 23 22
0
0
1 17 25
0
0
1 14 25
0
0
0
0
0
1 8 25
0
0
1 5 25
0
0
0
0
0
0
0
0
1 1 30
0
2 4 29 3 29
1 2 31
1 4 30
1 3 32
1 5 31
0
1 7 32
0
1 6 30
0
1 7 29
1 10 30
0
2 9 27 9 32
0
1 10 27
1 7 28
0
1 8 26
1 6 27
1 7 25
0
0
0
1 10 24
0
0
1 9 26
1 12 25
0
0
1 13 24
0
0
0
0
0
0
0
0
0
0
0
0
0
0
0
0
0
1 12 30
0
0
0
0
0
0
0
0
0
0
0
0
0
0
0
0
0
0
0
0
0
0
0
0
0
0
0
0
0
0
0
0
0
0
0
0
0
0
0
0
0
0
0
0
1 20 25
0
0
0
0
0
0
0
0
0
0
0
0
0
0
0
0
0
0
0
0
0
0
0
0
0
0
0
0
0
0
1 2 13
0
1 3 12
1 5 13
1 4 11
1 6 12
1 5 10
1 7 11
1 6 9
1 8 10
1 7 7
0
4 10 8 4 8 5 8 9 8
1 8 6
1 10 7
0
1 11 6
1 10 4
0
1 11 3
1 13 4
1 12 2
1 14 3
1 13 0
0
1 11 1
0
1 17 0
0
1 16 3
1 18 1
1 17 3
2 15 2 19 2
1 18 4
1 20 3
1 19 5
1 21 4
1 20 6
1 22 5
1 21 8
0
2 22 7 19 7
1 20 9
1 16 8
0
0
2 17 9 17 6
1 15 7
1 16 5
1 14 6
0
0
0
2 13 8 13 7
0
1 12 8
0
1 11 10
0
2 12 9 9 9
1 10 11
0
1 9 12
0
1 8 13
0
1 7 15
0
0
0
1 9 13
0
0
2 11 16 11 13
1 13 14
1 12 12
1 14 13
1 13 11
1 15 12
0
1 16 11
0
1 18 10
0
1 17 13
1 19 11
1 18 14
0
1 21 13
0
2 20 10 20 11
1 22 12
1 21 9
1 23 11
0
1 24 10
1 23 7
1 25 9
1 24 7
2 22 8 26 8
1 25 6
0
0
0
0
0
1 26 10
0
0
0
1 24 12
0
0
1 21 14
1 22 15
0
1 23 16
1 22 18
1 24 17
0
1 25 18
1 24 20
1 27 19
0
4 26 22 26 16 26 17 26 21
1 28 18
1 27 16
0
0
0
0
1 29 20
0
2 28 23 28 22
1 30 19
0
0
0
1 30 21
1 29 24
0
1 31 23
1 30 25
0
0
2 32 21 32 28
0
0
1 31 17
0
0
0
0
1 32 15
0
1 30 16
0
1 29 15
1 30 13
0
1 29 12
1 27 13
1 28 10
0
2 31 11 24 11
0
0
2 30 9 29 9
1 28 7
1 30 8
1 29 6
1 31 7
1 30 5
1 32 6
1 31 4
0
1 32 2
0
1 30 3
1 31 0
1 29 2
1 30 0
2 32 1 25 1
0
1 28 0
0
2 26 4 26 3
1 24 2
1 25 4
1 23 3
1 24 6
1 22 4
0
0
0
0
0
1 23 0
0
0
1 22 1
0
1 20 2
0
0
0
0
0
0
0
0
0
0
0
0
0
0
0
0
0
0
0
0
0
0
0
0
0
0
0
0
0
0
0
0
0
0
0
0
0
0
0
0
0
0
0
0
0
0
0
0
0
1 29 27
1 31 29
1 30 29
1 28 28
1 29 30
1 27 29
1 28 31
1 26 30
0
1 25 31
0
2 23 32 30 32
0
1 24 30
1 22 31
1 23 29
1 21 30
1 22 28
1 20 29
1 21 27
1 19 28
0
0
2 21 26 17 26
0
2 18 25 18 28
1 15 27
1 17 29
1 16 29
1 14 28
1 15 30
1 12 29
1 14 32
0
2 12 31 18 31
0
1 16 30
0
0
0
0
0
0
0
0
0
0
0
0
0
0
0
1 22 24
0
0
1 23 25
1 22 27
1 24 26
1 23 28
0
1 24 29
1 26 28
1 25 30
0
0
0
0
0
0
0
0
1 23 23
1 22 19
0
1 25 21
0
2 24 24 24 23
0
1 25 24
0
1 26 25
2 27 22 27 25
0
1 28 27
0
0
0
0
0
0
0
0
0
0
0
0
0
0
0
0
0
0
0
0
0
0
0
0
0
0
0
0
0
0
0
0
0
0
0
0
0
0
0
0
0
0
0
0
0
0
0
0
0
0
0
0
0
0
0
0
0
0
0
0
0
0
0
0
0
0
0
0
0
0
0
0
0
0
0
0
0
0
0
1 14 7
0
0
0
0
0
0
0
0
0
0
0
0
0
0
0
0
0
0
0
0
0
0
0
0
0
0
0
0
0
0
0
0
0
0
0
0
0
0
0
0
0
0
0
0
0
0
0
0
0
0
0
0
0
0
0
0
0
1 9 0
0
1 10 2
1 8 1
1 9 4
1 7 2
1 8 4
2 6 3 10 3
1 7 6
1 5 4
0
1 8 5
2 3 6 4 6
0
1 2 7
0
1 3 10
1 0 8
1 2 10
3 1 11 1 5 1 6
0
1 0 3
0
0
1 2 4
1 1 2
1 3 3
1 2 1
1 4 2
0
1 5 1
0
0
0
0
0
0
0
0
0
0
0
0
0
0
0
0
0
0
0
0
0
0
0
0
0
0
0
0
0
0
0
0
0
0
0
0
0
0
0
0
0
0
0
0
0
0
0
0
0
0
0
0
0
0
0
0
0
0
0
0
0
0
0
0
0
0
0
0
0
0
0
0
0
0
0
0
0
0
0
0
0
0
0
0
0
0
0
0
0
0
0
0
0
0
0
0
0
0
0
0
0
0
0
0
0
0
0
0
0
0
0
0
0
0
0
0
0
0
0
0
0
0
0
0
0
0
0
0
0
0
0
0
0
0
0
0
0
0
0
0
0
0
0
0
0
0
0
0
0
0
0
0
0
0
0
0
0
0
0
0
0
0
0
0
0
0
0
0
0
0
0
0
0
0
0
0
0
0
0
0
0
0
0
0
0
0
0
0
0
0
0
0
0
0
0
0
0
0
0
0
0
0
0
0
0
0
0
0
0
0
0
0
0
0
0
0
0
0
0
0
0
0
0
0
0
0
0
0
0
0
0
0
0
0
0
0
0
0
0
0
0
0
0
0
0
0
0
0
0
0
0
0
0
0
0
0
0
0
0
0
0
0
0
0
0
0
0
0
0
0
0
0
0
0
0
0
0
0
0
0
0
0
0
0
0
0
0
0
0
0
0
0
0
0
0
0
0
0
0
0
0
0
0
0
0
0
0
0
0
0
0
0
0
0
0
0
0
0
0
0
0
0
0
0
1 26 12
1 25 14
0
2 26 13 22 13
1 24 16
1 22 14
0
1 25 17
0
0
0
0
0
0
0
0
0
0
0
0
0
0
0
0
0
0
0
0
0
0
0
0
0
0
0
0
0
0
0
0
0
0
0
0
0
0
0
0
0
0
0
0
0
0
0
0
0
0
0
0
0
0
0
0
0
0
0
0
0
0
0
0
0
0
0
0
0
0
0
0
0
0
0
0
0
0
0
0
0
0
0
0
0
0
0
0
0
0
0
0
0
0
0
0
0
0
0
0
0
0
0
0
0
0
0
0
0
0
0
0
0
0
0
0
0
0
0
0
0
0
0
0
0
0
0
0
0
0
0
0
0
0
0
0
0
0
0
0
0
0
0
0
0
0
0
0
0
0
0
0
0
0
0
0
0
0
0
0
0
0
0
0
0
0
0
0
0
0
0
0
0
0
0
0
0
0
0
0
0
0
0
0
0
0
0
0
0
0
0
0
0
0
0
0
0
0
0
0
0
0
0
0
0
0
0
0
0
0
0
0
0
0
0
0
0
0
0
0
0
0
0
0
0
0
0
0
0
0
0
0
0
0
0
0
0
0
0
0
0
0
0
0
0
0
0
0
0
0
0
0
0
0
0
0
0
0
0
0
0
0
0
0
0
0
0
0
0
0
0
0
0
0
0
0
0
0
0
0
0
0
0
0
0
0
0
0
0
0
0
0
0
0
0
0
0
0
0
0
0
0
0
0
0
0
0
0
0
0
0
0
0
0
0
0
0
0
0
0
0
0
0
0
0
0
0
0
0
0
0
0
0
0
0
0
0
0
0
0
0
0
0
0
0
0
0
0
0
0
0
0
0
0
0
0
0
0
0
0
0
0
0
0
0
0
0
0
0
0
0
0
0
0
0
0
0
0
0
0
0
0
0
0
0
0
0
0
0
0
0
0
0
0
0
0
0
0
0
0
0
0
0
0
0
0
0
0
0
0
0
0
0
0
0
0
0
0
0
0
0
0
0
0
0
1 31 31
0
0
0
0
0
0
0
0
0
0
0
0
0
0
0
0
0
0
0
0
0
0
0
0
0
0
0
0
0
0
0
0
0
0
0
0
0
0
0
0
0
0
0
0
0
0
0
0
0
0
0
0
0
0
0
0
0
0
0
0
0
0
0
0
0
0
0
0
0
0
0
0
0
0
0
0
0
0
0
0
0
0
0
0
0
0
0
0
0
0
0
0
0
0
0
0
0
0
0
0
0
0
0
0
0
0
0
0
0
0
0
0
0
0
0
0
0
0
0
0
0
0
0
0
0
0
0
0
0
0
0
0
0
0
0
0
0
0
0
0
0
2 0 0 8 0
0
0
0
0
0
0
0
0
0
0
0
0
0
0
0
0
0
0
0
0
0
0
0
0
0
0
0
0
0
0
0
0
0
0
0
0
0
0
0
0
0
0
0
0
0
0
0
0
0
0
0
0
0
0
0
0
0
0
0
0
0
0
0
0
0
0
0
0
0
0
0
0
0
0
0
0
0
0
0
0
0
0
0
0
0
0
0
0
0
0
0
0
0
0
0
0
0
0
0
0
0
0
0
0
0
0
0
0
0
0
0
0
0
0
0
0
0
0
0
0
0
0
0
0
0
0
0
0
0
0
0
0
0
0
0
0
0
0
0
0
0
0
0
0
0
0
0
0
0
0
0
0
0
0
1 15 25
2 17 24 15 24
0
1 13 26
0
0
0
0
0
0
0
0
0
0
0
0
0
0
0
0
0
0
0
0
0
0
0
0
0
0
0
0
0
0
0
0
0
0
0
0
0
0
0
0
0
0
0
0
0
0
0
0
0
0
0
0
0
0
0
0
0
0
0
0
0
0
0
0
0
0
0
0
0
0
0
0
0
0
0
0
0
0
0
0
0
0
0
0
0
0
0
0
0
0
0
0
0
0
0
0
0
0
0
0
0
0
0
0
0
0
0
0
0
0
0
0
0
0
0
0
0
0
0
0
0
0
0
0
0
0
0
0
0
0
0
0
0
0
0
0
0
0
0
0
0
0
0
0
0
0
0
0
0
0
0
0
0
0
0
0
0
0
0
0
0
0
0
0
0
0
0
0
0
0
0
0
0
0
0
0
1 4 5
0
0
0
0
0
0
0
0
0
0
0
0
0
0
0
0
0
0
0
0
0
0
0
0
0
0
0
0
0
0
0
0
0
0
0
0
0
0
0
0
0
0
0
0
0
0
0
0
0
0
0
0
0
0
0
0
0
0
0
0
0
0
0
0
0
0
0
0
0
0
0
0
0
0
0
0
0
0
0
0
0
0
0
0
0
0
0
0
0
0
0
0
0
0
0
0
0
0
0
0
0
0
0
0
0
0
0
0
0
0
0
0
0
0
0
0
0
0
0
0
0
0
0
0
0
0
0
0
0
0
0
0
0
0
0
0
0
0
0
0
0
0
0
0
0
0
0
1 5 30
0
0
0
0
0
0
0
0
0
0
0
0
0
0
0
0
0
0
0
0
0
0
0
0
0
0
0
0
0
0
0
0
0
0
0
0
0
0
0
0
0
0
0
0
0
0
0
0
0
0
0
0
0
0
0
0
0
0
0
0
0
0
0
0
0
0
0
0
0
0
0
0
0
0
0
0
0
0
0
0
0
0
0
0
0
0
0
0
0
0
0
0
0
0
0
0
0
0
0
0
0
0
0
0
0
0
0
0
0
0
0
0
0
0
0
0
0
0
0
0
0
0
0
0
0
0
0
0
0
0
0
0
0
0
0
0
0
0
0
0
0
0
0
0
0
0
0
0
0
2 8 16 3 16
0
0
0
0
0
0
0
0
0
0
0
0
0
0
0
0
0
0
0
0
0
0
0
0
0
0
0
0
0
0
0
0
0
0
0
0
0
0
0
0
0
0
0
0
0
0
0
0
0
0
0
0
0
0
0
0
0
0
0
0
0
0
0
0
0
0
0
0
0
0
0
0
0
0
0
0
0
0
0
0
0
0
0
0
0
0
0
0
0
0
0
0
0
0
0
0
0
0
0
0
0
0
0
0
0
0
0
0
0
0
0
0
0
0
1 17 14
0
0
0
0
0
0
0
0
0
0
0
1 15 15
0
0
0
0
0
0
0
0
0
0
0
0
0
0
0
0
0
0
0
0
0
0
0
0
0
0
0
0
0
0
0
0
0
0
0
0
0
0
0
0
0
0
0
0
0
0
0
0
0
0
0
0
0
0
0
0
0
0
0
0
0
0
0
0
0
0
0
0
0
0
0
0
0
0
0
0
0
0
0
0
0
0
0
0
0
0
0
0
0
0
0
0
0
0
0
0
0
0
0
0
0
0
0
0
0
0
0
0
0
0
0
0
0
0
0
0
0
0
0
0
0
0
0
0
0
0
0
0
0
0
0
0
0
0
0
0
0
0
0
0
0
0
0
0
0
0
0
0
0
0
0
0
0
0
0
0
0
0
0
0
0
0
0
0
0
0
0
0
0
0
0
0
0
0
0
0
