8 1 13 24 12 22 13 23 13 21 12 23 11 0 11 0 15
1 2 14
1 1 16
1 3 15
1 2 17
1 4 16
1 3 18
1 5 17
1 4 19
0
1 5 20
1 7 19
1 6 21
1 8 20
1 7 22
1 9 21
0
0
0
0
0
0
0
0
0
0
0
0
0
0
0
0
0
1 2 12
1 1 10
1 3 11
1 2 9
1 4 10
0
0
1 4 8
2 4 7 2 7
1 2 6
2 4 5 2 5
1 4 4
2 4 3 2 3
2 4 2 2 2
2 4 1 2 1
0
0
1 5 2
0
1 7 2
0
0
1 10 2
1 11 2
1 13 1
1 12 3
1 14 2
1 13 4
0
1 14 5
1 16 4
1 15 6
1 17 5
1 16 7
0
1 17 8
1 19 7
1 18 9
1 20 8
0
1 21 9
0
0
0
0
1 17 12
1 18 14
1 16 13
1 17 15
1 15 14
1 16 16
1 14 15
1 15 17
1 13 16
1 14 18
0
1 13 19
1 11 18
1 12 20
0
1 11 21
0
0
0
0
1 8 18
2 10 17 8 17
1 8 16
0
0
0
0
0
0
0
0
0
0
0
0
0
0
0
0
0
0
0
0
0
0
2 20 15 18 15
2 20 16 18 16
2 20 17 18 17
2 20 18 18 18
2 20 19 18 19
2 20 20 18 20
2 20 21 18 21
2 20 22 18 22
2 20 23 18 23
2 20 24 18 24
1 18 25
1 20 26
0
0
1 21 24
1 22 24
2 23 26 23 24
1 24 24
2 25 26 25 24
1 26 26
0
1 24 23
1 25 21
0
0
0
1 24 20
0
1 23 19
1 24 17
0
1 23 16
0
0
0
2 23 15 21 15
0
0
2 24 15 24 13
2 25 15 25 13
0
0
0
0
0
0
0
0
2 26 9 24 9
2 26 8 24 8
2 26 7 24 7
1 26 6
1 26 5
1 24 3
1 23 6
1 22 6
0
1 21 2
1 20 3
0
0
0
1 23 2
2 23 1 21 1
0
0
0
0
0
0
0
0
0
0
0
0
0
0
0
0
0
0
0
0
0
0
0
0
0
0
0
0
0
0
0
0
0
0
0
0
0
0
0
0
0
0
0
0
0
0
0
0
0
0
0
0
0
0
0
0
0
0
0
0
0
0
0
0
0
0
0
0
0
0
0
0
0
0
0
0
0
0
0
1 11 17
0
0
0
0
0
0
2 7 16 7 14
1 6 14
1 5 16
0
0
0
0
1 6 12
0
1 9 12
1 8 10
1 10 11
1 9 9
1 11 10
1 10 8
1 12 9
0
0
0
1 10 7
0
2 14 8 14 6
0
0
0
0
0
0
0
0
0
0
0
0
0
0
0
0
0
0
0
0
0
0
0
0
0
0
0
0
0
0
0
0
0
0
0
0
0
0
0
0
0
0
0
0
0
0
0
0
0
0
0
0
0
0
0
0
0
0
0
0
0
0
0
0
0
0
0
0
0
0
0
0
0
0
0
0
0
0
0
0
0
0
1 0 2
0
0
0
0
1 0 4
1 0 5
0
1 0 7
1 0 8
0
0
0
0
0
0
0
0
0
0
0
0
0
0
0
0
0
0
0
0
0
0
0
0
0
0
0
0
0
0
0
0
0
0
0
0
0
0
0
0
0
0
0
0
0
0
0
0
0
0
0
0
0
0
0
0
0
1 17 24
1 16 24
1 15 24
1 14 24
1 13 24
1 12 24
1 11 24
1 10 24
1 9 24
1 8 24
1 7 24
1 6 24
1 5 24
1 4 24
1 3 24
1 2 24
1 1 24
0
0
0
0
0
0
0
0
0
0
0
0
0
0
0
0
0
0
0
0
0
0
0
0
0
0
0
0
0
0
0
0
0
0
0
0
0
0
0
0
0
0
0
0
0
0
0
0
0
0
0
0
0
0
0
0
0
0
0
0
0
0
0
1 18 5
0
0
0
0
0
0
0
0
1 20 2
1 19 2
1 18 2
1 17 2
0
1 15 2
0
0
0
0
0
0
0
0
0
0
0
0
0
0
0
0
0
0
0
0
0
0
0
0
0
0
0
0
0
0
0
0
0
0
0
0
0
0
0
0
0
0
0
0
0
0
0
0
0
0
0
0
0
0
0
0
0
0
0
0
0
0
0
0
0
0
0
0
0
0
0
0
0
0
0
1 2 21
1 1 19
0
0
2 3 21 3 19
0
0
0
0
0
0
0
0
1 9 22
0
1 11 22
1 12 22
1 13 22
1 14 22
1 15 22
0
0
2 17 21 15 21
1 17 20
1 17 19
0
0
0
0
0
0
0
0
0
0
0
0
0
0
0
0
0
0
0
0
0
0
0
0
0
0
0
0
0
0
0
0
0
0
0
0
0
0
0
0
0
0
0
0
0
0
0
0
0
0
0
0
0
0
0
0
0
0
0
0
0
0
0
0
0
0
0
0
0
0
0
0
0
0
0
0
0
0
0
0
0
0
0
0
0
0
0
0
0
0
0
0
0
0
0
0
0
1 5 11
0
0
0
0
0
0
0
0
0
0
0
0
0
0
0
1 10 6
2 12 5 10 5
2 12 4 10 4
0
0
1 9 4
1 8 4
1 7 4
1 6 4
0
0
0
0
0
0
0
0
0
0
0
0
0
0
0
0
0
0
0
0
0
0
0
0
0
0
0
0
0
0
0
0
0
0
0
0
0
0
0
0
0
0
0
0
0
0
0
0
0
0
0
0
0
0
0
0
0
0
0
0
0
0
0
0
0
0
0
0
0
0
0
0
0
0
0
0
0
0
0
0
0
0
0
0
0
0
0
0
0
0
0
0
1 24 16
0
0
0
0
0
0
0
0
0
0
0
0
0
0
0
0
0
0
0
0
0
0
0
1 24 2
1 25 2
0
0
0
0
0
0
0
0
0
0
0
0
0
0
0
0
0
0
0
0
0
0
0
0
0
0
0
0
0
0
1 22 19
0
0
0
0
0
0
0
0
0
0
0
0
0
0
0
0
0
0
0
0
0
0
0
0
0
0
0
1 19 6
0
0
0
0
0
0
0
0
0
0
0
0
0
0
0
0
1 14 1
0
0
0
0
0
0
0
0
0
0
0
0
0
0
0
0
0
0
0
0
0
0
0
0
0
0
0
0
0
0
0
0
0
0
0
0
0
0
0
0
0
0
0
0
0
0
0
0
0
0
0
0
0
0
0
0
0
0
0
0
0
0
0
0
0
0
0
0
0
0
0
0
0
0
0
0
0
0
0
0
0
0
0
0
0
0
0
0
0
0
0
0
0
0
0
0
0
0
0
0
0
0
0
0
0
0
0
0
0
0
0
0
0
0
1 16 9
0
0
0
0
0
2 16 11 14 11
2 16 12 14 12
0
0
1 13 12
0
0
0
0
0
0
0
0
0
0
0
0
0
0
0
0
0
0
0
0
0
0
0
0
0
0
0
0
0
0
0
0
0
0
0
0
0
0
0
0
0
0
0
0
0
0
0
0
0
0
0
0
0
0
0
0
0
0
0
0
0
0
0
0
0
0
0
0
0
0
0
0
0
0
0
0
0
0
0
0
0
0
0
0
0
0
0
0
0
0
0
0
0
0
0
0
0
0
0
0
0
0
0
0
0
0
0
0
0
0
0
0
1 22 8
0
0
0
0
0
0
0
0
0
0
0
0
0
0
0
0
0
0
0
0
0
0
0
0
0
0
0
0
0
0
0
0
0
0
0
0
0
0
0
0
0
0
0
0
0
0
0
0
0
0
0
0
0
0
0
0
0
0
0
0
0
0
0
0
0
0
0
0
0
0
0
0
0
0
0
0
0
0
0
0
0
0
0
0
0
0
0
0
0
0
0
0
0
0
0
0
0
0
0
0
0
0
0
0
0
0
0
0
0
0
0
0
0
0
1 6 5
0
1 6 7
1 6 8
0
0
1 7 8
0
0
0
0
0
0
0
0
0
0
0
0
0
0
0
0
0
0
0
0
0
0
0
0
0
0
0
0
0
0
0
0
2 12 14 12 12
0
0
0
0
0
0
0
0
0
0
0
0
0
0
0
0
0
0
0
0
0
0
0
0
0
0
0
0
0
0
0
0
0
0
0
0
0
0
0
0
0
0
0
0
0
0
0
0
0
0
0
0
0
0
0
0
0
0
0
0
0
0
0
0
0
0
0
0
0
0
0
0
0
0
0
0
0
0
0
0
0
0
0
0
0
0
0
0
0
0
0
0
0
0
0
0
0
0
0
0
0
0
0
0
0
0
0
0
0
0
0
0
0
0
0
0
0
0
0
0
0
0
0
0
0
0
0
0
0
1 22 20
0
1 22 22
0
0
0
0
0
0
0
0
0
0
0
0
0
0
0
0
0
0
0
0
0
0
0
0
0
0
0
0
0
0
0
0
0
0
0
0
0
0
0
0
0
0
1 22 9
0
0
0
0
0
0
0
0
0
0
0
0
0
0
0
0
0
0
0
0
0
0
0
0
0
0
0
0
0
0
0
0
0
0
0
0
0
0
0
0
0
0
0
0
0
0
0
0
0
0
0
0
0
0
0
0
0
0
0
0
0
0
0
0
0
0
0
0
0
0
0
0
0
0
0
0
0
0
0
0
0
0
0
0
0
0
1 2 22
0
0
0
0
0
0
0
0
0
0
0
0
0
0
0
0
0
0
0
0
0
0
0
0
0
0
0
0
0
0
0
0
0
0
0
0
0
0
0
0
0
0
0
0
0
0
0
0
0
0
0
0
0
0
0
0
0
0
0
0
0
0
0
0
0
0
0
0
0
0
0
0
0
0
0
0
0
0
0
0
0
0
0
0
0
0
0
0
0
0
0
0
0
0
0
0
0
0
0
0
0
0
0
0
0
0
0
0
0
0
0
0
0
0
1 17 18
0
0
0
0
0
0
0
0
0
0
0
0
0
0
0
0
0
0
0
0
0
0
0
0
0
0
0
0
0
0
0
0
0
0
0
0
0
0
0
0
0
0
0
0
0
0
0
0
0
0
0
0
0
0
0
0
0
0
0
0
0
0
0
0
0
0
0
0
0
0
0
0
0
0
0
0
0
0
0
0
0
0
0
0
0
0
0
0
0
0
0
0
0
0
0
0
0
0
0
0
0
0
0
0
0
0
0
0
0
0
0
0
0
0
2 17 11 17 9
0
0
0
0
0
0
0
0
1 11 14
0
0
0
0
0
0
0
0
0
0
0
0
0
0
0
0
0
0
0
0
0
0
0
0
0
0
0
0
0
0
0
0
0
0
1 7 7
1 9 6
0
0
0
0
0
0
0
0
0
0
0
0
0
0
0
0
0
0
0
0
0
0
0
0
0
0
0
0
0
0
0
0
0
0
0
0
0
0
0
0
0
0
0
0
0
0
0
0
0
0
0
0
0
0
0
0
0
0
0
0
0
0
0
0
0
0
0
0
0
0
0
0
0
0
0
0
0
0
0
0
0
0
0
0
0
0
0
0
0
0
0
0
0
0
0
0
0
0
0
0
0
0
0
0
0
0
0
0
0
0
0
0
0
0
0
0
0
0
0
0
0
0
0
0
0
0
0
0
0
0
0
0
0
0
0
0
0
0
0
0
0
0
0
0
0
0
0
0
0
0
0
0
0
0
0
0
0
0
0
0
0
0
0
0
0
0
0
0
0
0
0
0
0
0
0
0
0
0
0
0
0
0
0
0
0
0
0
0
0
0
