80 1 13 6 10 4 11 5 11 3 10 3 12 5 9 4 8 3 8 1 9 2 8 1 10 1 11 3 13 4 13 5 13 6 11 6 13 7 11 7 13 8 11 8 13 9 11 9 13 10 11 10 13 11 11 11 13 12 11 12 13 14 12 13 11 14 13 12 14 14 14 12 15 14 15 12 16 13 17 15 16 14 18 16 17 15 19 17 18 17 19 15 20 17 20 15 21 17 21 15 22 17 22 15 23 16 24 18 23 17 25 18 25 20 24 19 23 25 1 1 25 24 3 0 5 25 5 1 7 24 7 7 24 9 25 24 11 11 24 25 13 13 25 24 15 0 17 25 17 24 19 0 21 25 21 1 23 24 23 0 15
0
0
0
1 3 15
1 4 15
0
1 6 15
1 7 15
1 8 15
0
0
1 8 16
0
2 10 18 8 18
2 10 19 8 19
2 10 20 8 20
2 10 21 8 21
2 10 22 8 22
2 10 23 8 23
0
0
0
0
1 6 23
0
0
0
0
1 3 23
1 4 21
2 2 22 6 22
1 3 20
0
1 2 19
1 1 20
0
0
0
0
0
0
0
0
0
0
0
0
0
0
0
0
0
0
0
0
0
0
0
0
0
0
0
0
0
0
0
1 11 14
0
0
1 12 18
0
1 12 21
1 13 18
0
0
0
0
0
0
0
0
0
0
0
0
0
0
0
0
0
0
0
0
0
0
0
1 1 12
1 3 11
0
0
0
0
0
