8 1 11 14 14 14 15 15 13 15 16 16 14 0 9 0 13
1 2 12
1 1 14
1 3 13
1 2 15
1 4 14
1 3 16
1 5 15
1 4 17
1 6 16
1 5 18
1 7 17
1 6 19
1 8 18
1 7 20
1 9 19
1 8 21
1 10 20
0
1 11 21
0
1 12 22
0
0
0
0
0
0
0
0
0
0
0
0
0
0
0
0
0
0
0
0
0
1 2 10
1 1 8
1 3 9
1 2 7
1 4 8
1 3 6
1 5 7
1 4 5
1 6 6
1 5 4
1 7 5
1 6 3
1 8 4
1 7 2
1 9 3
1 8 1
1 10 2
0
1 11 1
0
0
0
1 12 2
1 13 2
1 14 2
1 15 2
1 16 2
1 17 2
1 18 2
1 19 2
1 20 2
1 21 2
0
0
0
1 20 3
1 21 5
1 19 4
1 20 6
1 18 5
1 19 7
1 17 6
1 18 8
1 16 7
1 17 9
1 15 8
1 16 10
1 14 9
1 15 11
1 13 10
1 14 12
1 12 11
0
1 11 12
1 11 13
0
0
1 11 14
1 11 15
1 11 16
1 14 18
2 12 17 16 17
1 15 19
1 17 18
1 16 20
1 18 19
1 17 21
1 19 20
1 18 22
1 20 21
0
1 21 22
0
0
0
0
0
0
0
0
0
0
0
0
0
0
0
0
0
0
0
0
0
0
0
0
0
0
0
0
0
0
0
0
0
0
0
1 21 8
0
1 20 9
0
1 19 10
0
1 18 11
0
1 17 12
0
1 16 13
0
0
0
0
0
0
0
0
0
0
0
0
0
0
0
0
0
0
0
0
0
0
0
0
0
0
0
0
0
0
0
0
0
0
0
0
0
1 11 18
1 12 20
1 14 19
0
0
0
1 9 16
1 11 17
1 8 15
0
1 7 14
0
1 6 13
0
0
0
0
0
0
0
0
0
0
0
0
1 9 13
0
1 8 12
0
1 7 11
1 5 12
1 6 10
1 4 11
1 5 9
0
0
0
0
0
0
0
0
0
0
1 9 10
1 11 11
1 8 9
0
1 7 8
0
1 6 7
0
0
0
0
0
0
1 12 10
1 12 9
1 9 7
1 11 8
1 8 6
0
0
0
0
0
0
0
0
0
0
0
0
0
0
0
0
0
0
0
0
0
0
0
0
0
0
0
0
0
0
0
0
0
0
0
0
0
0
0
0
0
0
0
0
0
0
0
0
0
0
0
0
0
0
0
0
0
0
0
0
0
1 6 2
1 5 2
1 4 2
1 3 2
1 2 2
1 1 2
0
0
0
1 2 3
1 1 5
0
1 2 6
0
0
0
0
0
0
0
0
0
0
0
0
0
0
0
0
0
0
0
0
0
0
0
0
0
0
0
0
0
0
0
0
0
0
0
0
0
0
0
0
0
0
0
0
0
0
0
0
0
0
0
0
0
0
0
0
0
0
0
1 6 20
1 5 20
1 4 20
1 3 20
1 2 20
1 1 20
0
0
0
1 2 19
1 1 17
0
0
0
0
0
0
0
0
0
0
0
0
0
0
0
0
0
0
0
0
0
0
0
0
0
0
0
0
0
0
0
0
0
0
0
0
0
0
0
0
0
0
0
0
0
0
0
0
0
0
0
0
0
0
0
0
0
0
0
0
0
0
0
0
0
0
0
0
0
0
0
0
0
0
0
0
0
0
0
0
0
0
0
0
0
0
0
0
0
0
0
0
0
0
0
0
0
0
0
0
0
0
0
0
0
0
0
0
0
0
0
0
0
0
0
0
0
0
0
0
0
0
0
0
0
0
0
0
0
0
0
0
0
0
0
0
0
0
0
0
0
0
0
0
0
0
0
0
0
0
0
0
0
0
0
0
0
0
0
1 21 11
0
1 20 12
0
1 19 13
0
1 18 14
0
1 17 15
0
0
0
0
0
0
0
0
0
0
0
0
1 21 14
0
1 20 15
0
1 19 16
0
1 18 17
0
0
0
0
0
0
0
0
1 21 17
0
1 20 16
0
1 20 18
1 21 20
0
0
0
0
0
0
0
0
0
0
0
0
0
0
0
0
0
0
0
0
0
0
0
0
0
0
0
0
0
0
0
0
0
0
0
0
0
0
0
0
0
0
0
0
0
0
0
0
0
0
0
0
0
0
0
0
0
0
0
0
0
0
0
0
0
0
0
0
0
0
0
0
0
0
0
0
0
0
0
0
0
0
0
0
0
0
0
0
0
0
0
0
0
0
0
0
0
0
0
0
0
0
0
0
0
0
0
0
0
0
0
0
0
0
0
0
0
0
0
0
0
0
0
1 12 7
1 11 5
2 9 6 13 6
1 12 4
1 14 5
1 13 3
1 15 4
0
0
0
0
1 18 4
0
1 15 7
0
1 14 8
0
0
0
0
0
0
0
0
0
0
0
0
0
0
0
0
0
0
0
0
0
0
0
0
0
0
0
0
0
0
1 15 20
0
0
0
0
0
0
0
0
0
0
0
0
0
0
0
0
0
0
0
0
0
0
0
0
0
0
0
0
0
0
0
0
0
0
0
0
0
0
0
0
0
0
0
0
0
