63 6 3 5 2 5 4 4 2 3 4 3 5 4 6 5 6 6 4 6 6 7 4 7 6 8 4 8 6 9 4 9 6 10 4 10 6 11 4 11 6 12 4 12 6 13 4 13 6 15 5 14 6 15 4 13 3 14 2 16 3 15 1 16 1 17 1 17 3 19 2 18 3 19 1 17 0 21 0 1 24 1 3 23 3 3 23 0 5 24 5 23 7 7 23 24 9 1 11 23 11 11 23 0 13 24 13 13 24 1 15 23 15 15 23 24 17 17 24 1 19 19 23 24 21 23 23
0
0
0
1 3 12
1 4 12
1 5 14
1 7 12
1 6 10
2 4 11 8 11
1 7 9
1 9 10
1 8 8
1 10 9
1 9 7
1 11 8
0
0
0
1 12 8
1 13 8
1 14 8
2 15 8 15 6
2 16 8 16 6
2 17 8 17 6
2 18 8 18 6
2 19 8 19 6
2 20 8 20 6
2 21 8 21 6
1 22 8
0
1 23 4
0
0
0
1 23 10
1 21 9
1 22 11
1 20 10
0
1 19 11
1 20 13
1 18 12
1 19 14
1 17 13
1 18 15
1 16 14
1 17 16
1 15 15
1 16 17
1 14 16
1 15 18
0
0
1 13 16
2 12 18 12 16
2 11 18 11 16
1 10 16
2 9 18 9 16
2 8 18 8 16
2 7 18 7 16
2 6 18 6 16
2 5 18 5 16
2 4 18 4 16
1 3 18
2 2 18 2 16
2 1 18 1 16
0
0
0
1 2 20
0
0
0
1 2 22
0
0
0
0
0
1 4 22
1 6 23
0
1 7 22
0
1 8 21
0
0
0
1 9 21
0
0
0
0
0
0
0
0
0
0
0
0
0
0
0
0
0
0
0
0
0
0
0
0
0
0
0
1 6 14
1 7 14
0
1 9 14
0
0
2 11 13 9 13
1 11 12
0
0
0
0
0
0
0
0
0
0
0
0
0
0
0
0
0
0
0
0
0
0
0
0
0
0
0
0
0
0
0
0
0
0
0
0
0
0
0
0
0
0
0
0
0
0
0
0
1 20 5
1 21 3
0
0
2 19 5 19 3
1 18 5
0
0
0
0
0
0
0
0
0
2 23 2 21 2
0
0
1 20 2
0
0
0
0
0
0
0
0
0
0
0
0
0
0
0
0
0
0
0
0
0
0
0
0
