6 1 12 11 4 11 5 12 6 13 4 0 14
1 2 13
1 1 15
1 3 14
1 2 16
1 4 15
1 3 17
1 5 16
1 4 18
1 6 17
1 5 19
1 7 18
1 6 20
1 8 19
1 7 21
1 9 20
1 8 22
0
0
0
0
0
0
0
0
0
0
0
0
0
0
0
0
0
0
0
0
0
2 3 9 3 13
0
1 5 9
2 6 9 6 13
1 8 12
1 7 14
1 9 13
1 8 15
1 10 14
0
1 11 15
0
0
0
1 11 17
1 10 19
1 12 18
1 11 20
0
0
0
0
0
0
0
0
0
0
0
0
0
0
1 8 10
1 7 8
1 9 9
1 8 7
0
0
2 10 6 10 10
2 11 6 11 10
1 12 10
0
1 13 11
0
1 14 12
1 16 11
1 15 13
0
1 16 14
1 18 13
1 17 15
1 19 14
1 18 16
1 20 15
1 19 17
1 21 16
1 20 18
1 22 17
1 21 19
0
0
1 23 16
0
1 21 20
1 22 22
1 20 21
1 21 23
0
0
1 19 20
1 18 20
1 17 20
0
1 15 20
0
1 12 21
1 12 20
0
1 15 17
0
0
0
0
0
0
0
0
0
0
0
0
0
0
0
0
0
0
0
0
0
0
0
0
0
0
0
0
0
0
0
0
0
0
0
0
0
0
0
0
0
1 15 9
0
1 16 10
1 18 9
1 17 11
1 19 10
1 18 12
1 20 11
1 19 13
0
0
0
1 23 11
0
0
1 23 10
1 19 9
2 19 8 23 8
0
0
1 19 7
0
0
0
1 19 5
2 19 4 23 4
1 22 2
0
0
0
0
0
0
0
0
0
0
0
0
0
0
2 17 0 17 4
1 16 0
0
1 14 4
1 13 0
1 12 0
1 11 0
2 10 0 10 4
1 9 4
1 8 4
1 7 4
2 6 0 6 4
2 5 0 5 4
2 4 0 4 4
2 3 0 3 4
1 1 3
0
0
0
0
0
0
0
0
0
0
0
0
1 1 6
0
0
1 4 6
1 3 8
1 5 7
1 4 9
0
0
0
0
0
0
0
0
0
0
0
0
0
0
0
0
0
0
0
0
0
0
0
0
0
0
0
0
0
0
0
0
0
0
0
0
0
0
0
0
0
0
0
0
0
0
0
0
0
0
0
0
0
0
0
0
0
0
0
0
0
0
0
0
0
0
0
0
0
0
0
0
1 23 15
0
0
0
0
0
0
0
0
0
0
0
0
0
0
0
0
0
0
0
0
0
0
0
0
0
0
0
0
0
0
0
0
0
0
0
0
0
0
0
0
0
0
0
0
0
0
0
0
0
0
0
0
0
0
0
0
0
0
0
0
0
0
0
0
0
0
0
0
0
0
0
0
0
0
0
0
0
0
0
0
0
0
0
0
0
0
0
0
0
0
0
0
0
0
0
1 17 17
0
0
0
0
1 13 16
0
1 12 17
1 16 16
0
0
0
0
0
0
0
0
0
0
0
0
0
0
0
0
0
0
0
0
0
0
0
0
0
0
0
0
0
0
0
0
0
0
0
0
0
0
0
0
0
0
0
0
0
0
0
0
0
0
0
0
0
0
0
0
0
0
0
0
0
0
0
0
0
0
0
0
0
0
0
0
0
0
0
0
0
0
0
0
0
0
0
0
0
0
0
0
0
0
0
0
0
0
0
0
0
0
0
0
0
0
0
0
0
0
0
0
0
0
0
0
0
0
0
0
0
0
0
0
0
0
0
0
0
0
0
0
0
0
0
0
0
0
0
0
0
0
0
0
0
0
0
0
0
0
0
0
0
0
0
