77 11 15 10 14 10 16 8 15 9 14 9 17 8 17 7 17 6 15 6 17 5 15 5 17 4 15 4 17 3 15 3 17 2 15 0 16 1 15 1 18 0 20 10 12 9 12 8 12 7 13 6 13 7 12 8 11 9 11 9 10 10 11 11 12 11 11 10 10 9 9 8 10 7 11 6 12 5 13 4 13 5 12 6 11 7 10 8 9 9 8 10 9 11 10 12 11 12 12 13 13 13 14 13 15 13 16 12 17 11 18 10 19 9 20 9 21 9 22 9 23 9 24 9 25 9 26 11 14 9 19 8 19 7 19 6 19 3 13 5 19 2 13 4 19 1 13 3 19 2 20 0 11 0 15
0
0
0
0
1 4 11
0
0
0
0
0
0
0
0
0
0
1 15 15
0
0
0
0
0
0
0
0
1 6 21
0
0
1 3 21
0
0
1 1 23
0
1 0 21
0
1 2 24
1 3 23
2 4 23 4 21
1 5 25
1 6 23
2 7 23 7 21
1 8 25
0
1 7 24
0
1 11 22
0
1 7 20
0
0
0
0
0
0
1 6 24
0
0
1 1 25
0
0
0
0
0
0
0
0
0
0
0
0
0
0
0
0
0
0
0
0
0
0
0
0
0
0
0
0
0
0
0
0
0
0
0
0
0
0
0
0
0
0
1 1 11
0
0
0
0
1 2 11
1 3 9
0
0
0
1 4 10
1 2 8
1 1 9
0
0
1 1 8
1 1 7
1 3 6
1 1 4
2 2 7 2 5
0
0
0
0
1 3 3
1 1 1
2 2 4 2 2
0
0
0
0
1 3 0
0
0
1 4 1
0
1 5 2
1 4 5
1 6 3
0
2 3 4 7 4
1 6 6
1 8 5
0
1 9 6
0
1 11 7
0
1 10 8
1 12 6
1 11 4
1 9 5
0
1 8 4
2 11 3 9 3
1 13 2
1 11 0
1 12 3
1 14 1
0
1 17 0
0
1 15 3
0
1 18 1
1 19 2
0
1 14 3
0
0
1 18 3
2 17 4 15 4
2 19 5 13 5
1 15 7
0
0
0
1 18 6
1 17 7
2 19 8 13 8
1 15 10
1 14 9
0
0
1 18 9
1 17 10
1 19 11
1 15 13
0
0
0
1 18 12
1 17 13
1 19 14
0
0
1 18 15
2 17 16 15 16
2 19 17 13 17
1 15 19
1 14 18
0
0
1 18 18
1 17 19
1 19 20
1 15 22
2 14 21 14 19
0
0
1 18 21
1 17 22
2 19 23 13 23
1 15 25
2 14 24 14 22
0
0
1 18 24
1 17 25
2 19 26 13 26
0
0
1 12 25
0
1 11 24
1 12 20
0
0
0
0
0
0
0
0
0
1 18 25
0
0
0
0
0
0
0
1 20 22
0
1 21 21
1 20 19
1 22 20
1 21 18
1 23 19
1 22 17
1 24 18
1 23 16
1 25 17
1 24 15
0
1 25 14
2 26 19 26 13
0
0
0
0
0
0
0
0
0
0
0
0
0
0
0
0
0
0
0
0
0
0
0
0
0
1 20 16
0
1 21 15
1 20 13
1 22 14
1 21 12
1 23 13
0
0
0
0
0
0
0
0
0
0
0
0
0
0
0
0
0
0
0
1 20 10
1 22 11
1 21 9
1 23 10
1 22 8
1 24 9
1 23 7
1 25 8
1 24 6
0
1 25 5
2 26 10 26 4
0
0
0
0
0
0
0
0
0
0
0
0
0
0
0
0
0
0
0
0
0
0
0
0
0
0
0
0
0
0
1 13 9
0
0
0
0
0
0
0
0
0
0
0
0
0
0
0
0
0
0
0
0
0
0
0
0
0
0
0
0
0
0
0
1 6 8
0
1 4 9
0
0
0
0
0
0
0
0
0
0
0
0
0
0
0
0
0
0
0
0
0
0
0
0
0
0
0
0
0
0
0
0
0
0
0
0
0
0
0
0
0
0
0
0
0
0
0
0
0
0
0
0
0
0
0
0
0
0
0
0
0
0
0
0
0
0
0
0
0
0
0
0
0
0
0
0
0
0
0
0
0
0
0
0
0
0
0
0
0
0
0
0
0
1 6 25
0
0
0
0
0
0
0
0
0
0
0
0
0
0
0
0
0
0
0
0
0
0
0
0
0
0
0
0
0
0
0
0
0
0
0
0
0
0
0
0
0
0
0
0
0
0
0
0
0
0
0
0
0
0
0
0
0
0
0
0
0
0
0
0
0
0
0
0
0
0
0
0
0
0
0
0
0
0
0
0
0
0
0
0
0
0
0
0
0
0
0
0
0
0
0
0
0
0
0
0
0
0
0
0
0
0
0
0
0
0
0
0
0
0
0
0
0
0
0
0
0
0
0
0
0
0
0
0
0
0
0
0
0
0
0
0
0
0
1 25 20
0
1 24 21
0
1 23 22
0
1 22 23
0
1 21 24
0
1 20 26
0
1 23 25
0
1 22 26
1 24 24
0
1 25 23
0
0
0
1 26 25
0
0
0
0
0
0
0
0
0
0
0
0
0
0
0
0
0
0
0
0
0
0
0
0
0
0
0
0
0
0
0
0
0
0
0
0
0
0
0
0
0
0
0
0
0
0
0
0
0
0
0
0
0
0
0
0
0
0
0
0
0
0
0
0
0
0
0
0
1 20 7
0
1 21 6
0
1 22 5
0
1 23 4
0
1 24 3
0
1 25 2
0
0
0
0
0
0
0
0
0
0
0
0
0
0
0
0
0
0
0
0
0
0
0
0
0
0
0
0
0
0
0
0
0
0
0
0
0
0
0
0
0
0
0
0
0
0
0
0
0
0
0
0
0
0
0
0
0
0
0
0
0
0
0
0
0
0
0
0
0
0
0
0
0
0
0
0
0
0
0
0
0
0
0
0
0
0
0
0
0
0
0
0
0
0
0
0
0
0
0
0
0
0
0
0
0
0
0
0
0
0
0
0
0
0
0
0
0
0
0
0
0
0
0
0
0
0
0
0
0
0
0
0
0
0
0
0
0
0
0
0
0
0
0
0
0
0
0
0
0
0
0
0
0
0
0
0
0
0
0
0
0
0
0
0
0
0
0
0
0
0
0
0
0
0
0
0
0
0
0
0
0
0
0
0
0
0
0
0
0
0
0
0
0
0
0
0
0
0
0
0
0
0
0
0
0
0
0
0
0
0
0
0
0
0
0
0
0
0
0
0
0
0
0
0
0
0
0
0
0
0
0
0
0
0
0
0
0
0
0
0
0
0
0
0
0
0
0
0
0
0
0
0
0
0
0
0
0
0
0
0
0
0
0
0
0
0
0
0
0
0
0
0
0
0
0
0
0
0
0
0
0
0
0
0
1 20 4
0
1 21 3
0
1 22 2
0
0
0
1 24 0
0
0
0
0
0
0
0
0
0
0
0
0
0
0
0
0
0
0
0
0
0
0
0
0
1 20 1
0
0
0
0
0
0
0
0
0
0
0
0
0
0
0
0
0
0
0
0
0
0
0
0
0
0
0
0
0
0
0
0
0
0
1 25 11
0
0
0
0
1 25 13
0
0
0
0
0
0
0
0
0
0
0
0
0
0
0
0
0
0
0
0
0
0
0
0
0
0
0
0
0
0
0
0
0
0
0
0
0
0
0
0
0
0
0
0
0
0
0
0
0
0
0
0
0
0
0
0
0
0
0
0
0
0
0
0
0
0
0
0
0
0
0
0
0
0
0
0
0
0
0
0
0
0
0
0
0
0
0
0
0
0
0
0
0
0
0
0
0
0
0
0
0
0
0
0
0
0
0
0
0
0
0
0
0
0
0
0
0
0
0
0
0
0
0
0
0
0
0
0
0
0
0
0
0
0
0
0
0
0
0
0
0
0
0
0
0
0
0
0
0
0
0
0
0
0
0
0
0
0
0
0
0
0
0
0
0
0
0
0
0
0
0
0
0
0
0
0
0
0
0
0
0
0
0
0
0
0
0
0
0
0
0
0
0
0
0
0
0
0
0
0
0
0
0
0
0
0
0
0
0
0
0
0
0
0
0
0
0
0
0
0
0
0
0
0
0
0
0
0
0
0
0
0
0
0
0
0
0
0
0
0
0
0
0
0
0
0
0
0
0
0
0
0
0
0
0
0
0
0
0
0
0
0
0
0
0
0
0
0
0
0
0
0
0
0
0
0
0
0
0
0
0
0
0
0
0
0
0
0
0
0
0
0
1 26 26
0
0
0
0
0
0
0
0
0
0
0
0
0
0
0
0
0
0
0
0
0
0
0
0
0
0
0
0
0
0
0
0
0
0
0
0
0
0
0
0
0
0
0
0
0
0
0
0
0
0
0
0
0
0
0
0
0
0
2 10 26 10 20
0
0
0
0
0
0
0
0
0
0
0
0
0
0
0
0
0
0
0
0
0
0
0
0
0
0
0
0
0
0
0
0
0
0
0
0
0
0
0
0
0
0
0
0
0
0
0
0
0
0
0
0
0
0
0
0
0
0
0
0
0
0
0
0
0
0
0
0
0
0
0
0
0
0
0
0
0
0
0
0
0
0
0
0
0
0
0
0
0
0
0
0
0
0
0
0
0
0
0
0
0
0
0
0
0
0
0
0
0
0
0
0
0
0
0
0
0
0
0
0
0
0
0
0
0
0
0
0
0
