5 1 16 29 6 28 7 29 5 0 14
1 2 15
1 1 13
0
0
0
0
1 4 17
0
1 2 20
0
0
0
2 5 19 0 19
0
1 4 21
1 7 20
0
2 6 21 6 17
0
1 9 18
1 7 16
1 9 17
1 8 15
1 10 16
0
1 11 15
1 10 13
1 12 14
1 11 12
1 13 13
1 12 11
1 14 12
1 13 10
1 15 11
1 14 9
1 16 10
1 15 8
1 17 9
1 16 7
1 18 8
1 17 6
0
0
2 19 8 19 5
0
1 20 3
0
3 23 4 17 4 22 4
1 21 2
1 23 3
1 22 1
1 24 2
1 23 0
1 25 1
0
0
0
1 26 3
0
0
0
0
1 25 4
0
0
0
1 25 5
0
1 22 8
0
1 24 7
0
0
0
0
0
0
1 20 10
1 18 9
1 19 11
1 17 10
1 18 12
1 16 11
1 17 13
1 15 12
1 16 14
0
1 15 15
1 13 14
0
0
0
1 11 16
1 12 18
1 10 17
1 11 19
0
1 10 20
0
1 9 21
0
1 8 22
0
1 7 23
1 5 22
1 6 24
1 4 23
1 5 26
1 3 24
2 8 25 2 25
0
0
1 4 27
0
1 3 29
0
2 4 28 1 28
1 2 30
0
0
1 0 25
0
0
1 3 32
0
0
0
0
2 4 32 4 29
1 6 30
1 5 27
0
2 8 28 7 28
0
1 9 27
0
0
1 11 26
0
0
1 12 27
0
1 14 28
0
1 13 26
1 15 27
1 14 24
0
4 17 25 11 25 12 25 16 25
0
1 17 24
1 16 22
1 18 23
1 17 21
1 19 22
1 18 20
1 20 21
1 19 19
1 21 20
1 20 18
1 22 19
1 21 17
1 23 18
1 22 16
1 24 17
0
1 25 16
1 24 14
0
0
0
0
0
0
0
0
0
0
0
0
0
0
0
0
0
0
0
0
0
0
0
1 13 23
0
1 12 22
0
1 11 20
1 9 22
1 10 21
1 12 19
1 14 20
1 13 18
1 15 19
1 14 17
1 16 18
1 15 16
0
1 16 15
2 17 14 17 20
0
0
1 18 13
1 20 14
1 19 12
1 21 13
0
0
1 23 11
0
2 22 9 22 15
1 24 12
0
1 26 13
0
1 25 11
1 27 12
1 26 10
1 29 11
1 27 8
4 28 14 28 8 28 9 28 13
1 30 12
1 29 14
0
1 30 16
1 31 12
0
0
1 28 15
0
0
1 31 16
0
0
1 26 16
1 28 18
2 27 13 27 18
0
0
1 25 20
0
1 24 22
0
0
2 21 21 26 21
1 25 23
1 27 22
0
0
0
0
1 23 22
2 22 20 22 23
1 20 22
1 21 24
1 19 23
1 20 25
0
0
1 18 27
0
2 16 26 20 26
0
1 21 27
1 20 29
1 22 28
0
0
1 22 32
1 24 30
0
2 25 31 20 31
0
1 27 32
0
1 26 30
1 29 31
1 27 29
1 28 32
0
3 31 29 25 29 30 29
0
1 31 28
1 30 26
0
0
0
0
0
0
0
0
0
0
0
0
0
0
1 19 29
0
0
0
0
0
0
0
0
0
0
0
0
0
0
0
0
0
0
0
0
0
0
0
0
0
1 28 20
0
0
0
0
0
0
0
2 32 16 32 9
0
0
0
1 31 8
0
0
0
2 29 7 32 7
0
0
0
1 30 2
0
0
1 31 1
1 32 4
0
0
0
0
0
0
0
0
0
0
0
0
0
0
0
0
0
0
0
0
0
0
0
0
0
0
0
0
0
0
0
0
0
0
0
0
0
0
0
0
0
0
0
0
0
0
0
0
0
0
0
0
0
0
0
0
0
0
0
0
0
0
0
0
0
0
1 31 25
2 32 23 32 32
0
0
1 29 24
0
1 30 22
0
0
1 28 25
0
0
0
2 27 27 27 23
1 25 25
1 23 24
1 28 21
0
0
0
0
0
0
0
0
0
0
0
0
0
0
0
0
0
0
0
0
0
0
0
0
0
0
0
0
0
0
0
0
0
0
0
0
0
0
0
0
0
0
0
0
0
0
0
0
0
0
0
0
0
0
0
0
0
0
0
0
0
0
0
0
0
0
0
0
0
0
0
0
0
0
0
0
0
0
0
0
0
0
0
0
1 21 16
0
1 20 17
0
0
0
0
0
0
0
0
0
0
0
0
0
0
0
0
0
0
0
1 18 18
0
0
0
0
0
0
0
0
0
0
0
0
0
0
0
0
0
0
0
0
0
0
0
0
0
0
0
0
0
0
0
0
0
0
0
0
0
0
0
0
0
0
0
0
0
0
0
0
0
0
0
1 1 23
0
1 0 24
1 2 22
0
1 3 21
0
0
0
0
0
0
0
0
0
0
0
0
0
0
0
0
0
0
0
0
0
0
0
0
0
0
0
0
0
0
0
0
0
0
0
0
0
0
0
0
0
0
0
0
0
0
0
0
0
0
0
0
0
0
0
0
0
0
0
0
0
0
0
0
0
0
0
0
0
0
0
0
0
0
1 19 1
0
0
0
0
0
1 17 5
0
0
0
1 16 2
0
0
2 17 0 22 0
0
0
1 15 1
0
0
1 13 0
0
1 14 3
1 11 1
1 13 3
2 12 0 12 3
2 10 2 15 2
1 11 4
1 9 3
1 10 5
0
1 9 6
1 7 5
1 8 7
1 6 6
1 7 8
1 5 7
0
1 4 8
1 5 10
1 3 9
1 4 11
0
1 3 12
0
0
1 1 12
1 5 13
1 3 15
0
1 6 12
0
1 8 11
0
2 7 9 7 13
0
0
0
0
1 9 9
1 11 11
1 10 9
0
0
1 12 7
0
2 13 8 10 8
1 11 5
0
2 10 6 13 6
0
0
0
0
0
0
0
0
0
0
0
0
0
0
0
0
0
0
0
0
0
0
0
2 0 10 0 13
0
0
0
1 1 9
0
1 3 5
0
0
0
0
0
0
1 1 3
1 0 6
0
0
1 2 2
0
1 4 1
0
2 3 0 3 4
1 5 2
1 4 4
2 2 3 8 3
0
1 6 0
0
1 4 5
0
0
0
0
0
0
0
0
0
0
0
0
0
0
0
0
0
0
0
0
0
0
0
0
0
0
0
0
0
0
0
0
0
0
0
0
0
0
0
0
0
0
0
0
0
0
0
0
0
0
0
0
0
0
0
0
0
0
0
0
0
0
0
0
0
0
0
0
0
0
0
0
0
0
0
0
0
0
0
0
0
0
0
0
0
0
0
0
0
0
0
0
0
0
0
0
0
0
0
0
0
0
0
0
0
0
0
0
0
0
0
0
0
0
0
0
0
0
0
0
0
0
0
0
0
0
0
0
0
0
0
0
0
0
0
0
0
0
0
0
0
0
0
0
0
0
0
0
0
0
0
0
0
0
0
0
0
0
0
0
0
0
0
0
0
0
0
0
0
0
0
0
0
0
0
0
0
0
0
0
0
0
0
0
0
0
0
0
0
0
0
0
0
0
0
0
0
0
0
0
0
0
0
0
0
0
0
0
0
0
0
0
0
0
0
0
0
0
0
0
0
0
0
0
0
0
0
0
0
0
0
0
0
1 18 32
0
0
1 17 31
1 18 29
2 16 30 20 30
0
0
1 15 28
0
0
0
0
0
0
0
0
0
0
0
0
0
0
0
0
0
0
0
0
0
0
0
0
0
0
0
0
0
0
0
0
0
0
0
0
0
0
0
0
0
0
0
0
0
0
0
0
0
0
1 24 9
0
1 25 8
0
0
0
0
0
0
0
0
0
0
0
0
0
0
0
0
0
0
0
0
0
0
0
0
0
0
0
0
0
0
0
0
1 25 6
