7 1 16 9 9 10 8 10 11 11 9 0 14 0 18
1 2 17
1 1 19
1 3 18
0
1 4 19
0
0
0
1 4 21
0
0
0
0
1 1 25
2 0 21 0 25
0
0
0
0
0
0
0
0
0
0
0
1 2 15
1 1 13
1 3 14
1 2 12
1 4 13
1 3 11
1 5 12
0
0
2 2 10 6 10
1 5 8
2 3 9 7 9
1 6 7
1 8 8
0
0
0
0
0
1 2 8
1 3 6
0
0
1 1 5
0
0
0
1 2 4
1 1 2
1 3 3
1 2 1
1 4 2
0
0
0
1 5 3
1 6 3
0
1 8 3
0
0
0
0
0
1 11 4
1 10 6
0
2 7 5 11 5
1 7 6
0
0
0
2 12 5 12 9
1 13 9
1 14 5
2 15 5 15 9
2 16 5 16 9
1 18 8
1 17 10
1 19 9
1 18 11
1 20 10
0
0
0
0
0
0
0
1 18 6
0
0
2 15 4 19 4
1 18 2
2 16 3 20 3
1 19 1
0
0
0
0
1 15 2
1 15 1
0
0
0
0
1 21 2
1 22 2
1 23 2
1 24 2
1 25 2
1 26 2
1 27 2
1 28 2
0
0
0
0
1 28 3
0
0
0
1 28 5
1 29 7
2 27 6 31 6
1 28 8
0
1 27 9
1 25 8
1 26 10
1 24 9
1 25 11
1 23 10
1 24 12
1 22 11
1 23 13
1 21 12
1 22 14
1 20 13
1 21 15
1 19 14
0
1 18 15
1 19 17
1 17 16
0
1 16 17
1 17 19
1 15 18
0
0
0
0
0
0
0
0
0
0
0
0
0
0
0
0
0
0
0
0
0
0
0
0
0
0
0
0
0
1 28 9
1 29 11
1 31 10
0
0
1 28 12
1 29 14
1 31 13
1 28 15
1 27 15
0
1 25 15
1 24 15
0
1 23 16
0
0
0
1 21 18
0
1 20 19
0
1 19 20
0
0
0
0
0
0
0
0
0
0
0
0
0
0
0
0
0
0
0
0
1 29 17
2 27 16 31 16
1 28 18
1 26 17
1 27 19
1 25 18
1 26 20
0
1 25 21
1 23 20
1 24 22
1 22 21
1 23 23
0
0
1 21 24
0
1 19 24
1 18 20
2 17 20 17 24
2 16 20 16 24
2 15 20 15 24
1 14 24
2 13 20 13 24
2 12 20 12 24
2 11 20 11 24
2 10 20 10 24
2 9 20 9 24
1 8 20
0
0
0
0
0
0
0
0
0
0
0
0
0
0
0
0
0
0
0
0
0
0
0
0
0
0
0
0
0
0
0
0
1 29 20
1 31 19
0
0
0
0
1 29 22
1 30 24
0
1 29 25
1 27 24
1 28 26
1 26 25
1 27 27
1 25 26
1 26 28
1 24 27
1 25 29
1 23 28
1 24 30
1 22 29
1 23 31
0
0
0
0
0
1 19 29
1 18 29
1 17 29
1 16 29
1 15 29
1 14 29
1 13 29
1 12 29
1 11 29
1 10 29
1 9 29
1 8 29
1 7 29
1 5 30
0
0
0
2 4 27 8 27
1 5 25
2 3 26 7 26
0
0
0
0
0
0
1 8 24
0
0
0
1 4 20
1 7 18
2 5 19 9 19
1 8 17
0
1 9 16
1 10 16
1 11 16
1 12 16
0
2 14 16 14 20
0
1 15 15
0
1 16 14
0
0
0
0
1 16 11
1 14 12
0
0
0
0
1 13 12
1 12 12
0
0
