39 24 22 24 24 26 23 25 22 25 25 26 25 27 23 27 25 28 23 28 25 29 23 24 20 23 20 22 20 21 21 20 22 19 23 19 24 19 25 19 26 19 27 19 28 19 29 21 23 25 20 23 22 21 22 21 24 22 25 23 26 24 27 26 20 25 27 26 27 27 28 28 28 2 15 0 13 0 17
2 1 13 1 17
1 3 14
0
1 4 13
1 3 11
0
0
0
0
0
0
0
1 2 18
2 3 17 3 15
2 4 17 4 15
2 5 17 5 15
2 6 17 6 15
2 7 17 7 15
2 8 17 8 15
2 9 17 9 15
2 10 17 10 15
2 11 17 11 15
1 12 15
1 13 15
2 14 17 14 15
2 15 17 15 15
2 16 17 16 15
1 17 15
2 18 17 18 15
2 19 17 19 15
1 20 17
0
2 21 14 19 14
1 21 13
1 19 11
2 18 14 18 12
2 17 14 17 12
2 16 14 16 12
2 15 14 15 12
2 14 14 14 12
1 13 14
1 11 12
0
2 10 11 14 11
1 11 9
1 9 10
1 10 8
1 8 9
0
1 7 8
1 8 6
1 6 7
0
1 5 6
1 6 4
1 4 5
1 5 3
0
1 4 2
0
1 3 1
1 1 2
1 2 0
0
0
1 0 0
0
0
1 1 5
0
0
0
1 3 7
0
1 4 8
0
1 5 9
0
1 6 10
0
1 7 11
0
1 8 12
0
1 9 13
0
0
0
0
0
1 8 13
1 7 13
0
1 5 13
0
0
1 7 12
0
0
0
0
0
0
0
0
0
0
0
0
0
0
0
0
0
0
0
0
0
0
0
0
0
0
0
0
1 1 8
0
1 2 9
0
1 3 10
0
1 4 11
0
0
0
0
0
0
0
0
0
0
0
0
0
0
0
0
0
0
0
0
0
0
0
0
0
0
0
0
0
0
0
0
0
0
0
1 15 10
1 14 8
2 12 9 17 9
1 15 7
1 16 8
1 19 10
0
1 18 11
0
0
0
0
0
0
1 11 8
1 12 6
1 10 7
0
1 9 6
1 10 4
1 8 5
1 9 3
1 7 4
1 8 2
1 6 3
0
1 5 2
0
0
0
1 9 2
1 10 2
0
1 12 2
1 13 2
1 14 2
1 17 1
1 15 3
1 16 0
1 18 2
1 17 4
0
1 18 5
1 21 4
1 19 6
2 20 5 20 3
0
0
0
0
0
0
2 17 5 15 5
0
0
0
1 18 6
1 21 8
0
1 20 9
1 22 7
1 21 5
1 23 6
1 22 4
0
1 23 2
0
1 24 3
1 22 1
0
0
0
1 20 0
0
0
1 24 2
1 27 1
0
0
1 29 2
2 27 3 25 3
1 27 4
1 27 5
2 27 6 25 6
2 27 7 25 7
2 27 8 25 8
1 27 9
1 25 10
0
0
0
0
0
0
0
0
0
0
0
1 29 4
1 29 5
1 29 6
1 29 7
1 29 8
1 29 9
1 29 10
2 29 11 27 11
2 29 12 27 12
1 29 13
0
1 27 15
2 29 16 27 16
2 29 17 27 17
2 29 18 27 18
1 29 19
0
0
1 25 18
1 24 18
1 23 18
1 22 18
1 21 20
1 18 18
0
0
0
1 18 21
2 16 20 20 20
1 17 22
0
1 16 23
1 14 22
1 15 24
1 13 23
1 14 27
1 11 24
0
1 12 25
1 10 23
1 11 21
1 13 22
1 10 20
0
1 9 19
1 7 20
0
0
1 9 18
0
1 6 19
1 5 19
1 4 19
0
1 1 19
1 2 21
0
1 1 22
0
0
0
1 2 23
1 1 25
1 3 24
1 2 26
1 4 25
1 3 27
1 5 26
1 4 28
1 6 27
0
0
0
0
0
0
0
0
0
0
0
1 1 28
0
1 2 29
0
0
1 7 29
0
0
0
1 9 28
1 7 26
1 8 29
1 10 27
1 9 26
2 9 25 7 25
0
2 9 23 7 23
0
0
2 6 23 6 21
1 5 23
0
0
0
0
0
0
0
0
0
0
0
0
0
0
0
0
0
0
0
0
1 11 28
0
0
0
0
0
1 10 29
0
0
0
0
0
0
0
0
0
0
0
0
0
0
0
0
0
0
0
0
0
0
0
0
0
0
0
0
0
0
0
0
0
0
0
0
0
0
0
0
0
0
0
0
0
0
0
0
0
0
0
0
0
0
1 16 25
1 15 27
2 13 26 17 26
1 16 28
0
0
1 18 28
0
1 17 25
0
0
0
0
0
0
1 18 29
0
0
0
0
0
0
0
0
0
0
0
0
0
0
0
0
0
0
0
0
0
0
0
0
0
0
0
0
0
0
0
0
0
0
0
0
0
1 29 22
0
0
0
0
0
0
0
0
0
0
0
0
0
0
0
0
0
0
0
0
0
0
0
0
0
0
0
0
0
0
0
0
0
0
0
0
0
0
0
0
0
0
0
0
0
0
0
0
0
0
0
0
0
0
0
0
0
0
0
0
0
0
0
0
0
0
0
0
0
0
0
0
0
0
0
0
0
0
0
0
0
0
0
0
0
0
0
0
0
0
0
0
0
0
0
0
0
0
0
0
0
0
0
0
0
0
0
0
0
0
0
1 5 0
0
0
0
0
0
0
0
0
0
0
0
0
0
0
0
0
0
0
0
0
0
0
0
0
0
0
0
0
0
0
0
0
0
0
0
0
0
0
0
0
0
0
0
0
0
0
0
0
0
0
0
0
0
0
0
0
0
0
0
0
0
0
0
0
0
0
0
0
0
0
0
0
0
0
0
0
0
0
0
0
0
0
0
0
0
0
0
0
0
2 13 20 11 20
1 11 19
0
0
0
0
0
0
0
0
0
0
0
0
0
0
0
0
0
0
0
0
1 24 17
0
0
1 25 16
0
0
0
0
0
0
0
0
0
0
0
0
0
0
0
0
0
0
0
0
0
0
0
0
0
0
0
0
0
0
0
0
0
0
0
0
0
0
0
0
0
0
0
0
0
0
0
0
0
0
0
0
0
0
0
0
0
0
0
0
1 14 7
0
0
0
1 13 4
0
0
0
0
0
0
0
0
0
0
0
0
0
0
0
0
0
0
0
0
0
0
0
0
0
0
0
0
0
0
0
0
0
0
0
0
0
0
0
0
0
0
0
0
0
0
0
0
0
0
0
0
0
0
0
0
0
0
0
0
0
0
0
0
0
0
0
0
0
0
0
0
0
0
0
0
0
0
0
0
0
0
0
0
0
0
0
0
0
0
0
0
0
0
0
0
0
0
0
0
0
2 24 13 22 13
2 24 12 22 12
1 24 11
0
1 21 12
0
0
0
0
0
0
0
0
0
0
0
0
0
0
0
0
0
0
0
0
0
0
0
0
0
0
0
0
0
0
0
0
0
0
0
0
0
0
0
0
0
0
0
0
0
0
0
0
0
0
0
0
0
0
0
0
0
0
0
0
0
0
0
0
0
0
0
0
0
0
0
0
0
0
0
0
0
0
0
0
0
0
0
0
0
0
0
0
0
0
0
0
0
0
0
0
0
0
0
0
0
0
0
0
0
0
0
0
0
0
0
0
0
0
0
0
0
0
0
0
0
0
0
0
0
0
0
0
0
0
0
0
0
0
0
0
0
0
0
0
0
1 23 28
0
0
1 21 29
0
1 22 26
0
0
0
0
0
0
0
0
0
0
0
0
0
0
0
0
0
0
0
0
0
0
0
0
0
0
0
0
0
0
0
0
0
0
0
0
0
0
0
0
0
0
0
0
0
0
0
0
0
0
0
0
0
0
0
0
0
0
0
0
0
0
0
0
0
0
0
0
0
0
0
0
0
0
0
0
0
0
0
0
0
0
0
0
0
0
0
0
0
0
0
0
0
0
0
0
0
0
0
0
0
0
0
0
0
0
0
0
0
0
0
0
0
0
0
0
0
0
0
0
0
0
0
0
0
0
0
0
0
0
0
0
0
0
0
0
0
0
0
0
0
0
0
0
0
0
0
0
0
0
0
0
0
0
0
0
0
0
0
0
0
0
0
0
0
0
0
0
0
0
0
0
0
0
0
0
0
0
0
0
0
0
0
0
0
0
0
0
0
1 18 22
0
0
0
0
0
0
0
0
0
0
0
0
0
0
0
0
0
0
0
0
0
0
0
0
0
0
0
0
0
0
0
0
0
0
0
0
0
0
0
0
0
0
0
0
0
0
0
0
0
0
0
0
0
0
0
0
0
0
0
0
0
0
0
0
0
0
0
0
0
0
0
0
0
0
0
0
0
0
0
0
0
0
0
0
0
0
0
0
0
0
0
0
0
0
0
0
0
0
0
0
0
0
0
0
0
0
0
0
0
0
0
0
0
0
0
0
0
0
0
0
0
0
0
0
0
0
0
0
0
0
0
0
0
0
0
0
0
0
0
0
0
0
0
0
0
0
0
0
0
0
0
0
0
0
0
0
0
0
0
0
0
0
0
0
0
0
0
0
0
0
0
0
0
0
0
0
0
0
0
0
0
0
0
0
0
0
0
0
0
0
0
0
0
0
0
0
0
0
0
0
0
0
0
0
0
0
0
0
0
0
0
0
0
0
0
0
0
0
0
0
0
0
0
0
0
0
0
0
0
0
0
0
0
0
0
0
0
0
0
0
0
0
0
0
0
0
0
0
0
0
0
0
0
0
0
0
0
0
0
0
0
0
0
0
0
0
0
0
0
0
0
0
0
0
0
0
0
0
0
0
0
0
0
0
0
0
0
0
0
0
0
0
0
0
0
0
0
0
0
0
0
0
0
0
0
0
0
0
0
0
0
0
0
0
0
0
0
0
0
0
0
0
0
0
0
0
0
1 24 10
1 24 9
0
0
0
0
0
0
0
0
0
0
0
0
0
0
0
0
0
0
0
0
0
0
0
0
0
0
0
0
0
0
0
0
0
0
0
0
0
0
0
0
0
0
0
0
0
0
0
1 19 2
0
0
0
0
0
0
0
0
0
0
0
0
0
0
0
0
0
0
0
0
0
0
0
0
0
0
0
0
0
0
0
0
0
0
0
0
0
0
0
0
0
0
0
0
0
0
0
0
0
0
0
0
0
0
0
0
0
0
0
0
0
0
0
0
0
0
0
0
0
0
0
0
0
0
0
0
0
0
0
0
0
0
0
1 1 12
0
0
0
0
0
0
0
0
0
0
0
0
0
0
0
0
0
0
0
0
0
0
0
0
0
0
0
0
0
0
0
0
0
0
0
0
0
0
0
0
0
0
0
0
0
0
0
0
0
0
0
0
0
0
0
0
0
0
0
0
0
0
0
0
0
0
0
0
0
0
0
0
0
0
0
0
0
0
0
0
0
0
0
0
0
0
0
0
0
0
0
0
0
0
0
0
0
0
0
0
0
0
0
0
0
0
0
0
0
0
0
0
0
0
0
0
0
0
0
0
0
0
0
0
0
0
0
0
0
0
0
0
0
0
0
0
0
0
0
0
