69 17 4 15 3 15 6 14 6 13 4 13 6 12 4 12 6 11 4 11 6 10 4 10 6 8 5 9 6 8 3 10 3 8 2 10 2 8 1 10 1 10 0 6 0 19 4 20 5 19 6 18 7 17 8 16 9 15 10 14 11 13 12 12 13 11 12 10 12 9 12 8 12 7 12 6 12 5 12 4 12 3 12 2 11 1 12 0 12 19 3 18 6 17 7 16 8 13 2 19 2 15 8 17 1 19 1 14 8 13 8 12 8 12 1 11 8 10 8 6 5 8 6 8 8 6 6 5 3 6 7 7 8 5 2 2 19 0 21
1 1 17
1 3 18
0
0
1 3 16
0
0
2 2 14 0 14
1 0 13
0
0
0
0
0
0
0
0
0
1 2 22
1 3 21
1 5 19
0
0
0
0
2 5 15 3 15
0
0
2 6 15 6 13
2 7 15 7 13
2 8 15 8 13
2 9 15 9 13
2 10 15 10 13
2 11 15 11 13
1 12 15
2 13 15 13 13
0
1 16 15
0
1 13 16
0
2 17 17 17 15
0
1 20 15
1 19 13
2 17 14 21 14
1 20 12
1 22 13
1 21 11
1 23 12
1 22 10
1 24 11
1 23 9
0
0
2 25 11 25 9
2 26 11 26 9
2 27 11 27 9
2 28 11 28 9
2 29 11 29 9
1 30 11
0
2 31 8 29 8
1 31 7
0
2 28 8 28 6
1 27 8
1 26 8
1 24 6
1 25 4
1 23 5
1 24 3
0
1 23 2
0
0
0
2 23 1 21 1
0
0
1 24 2
1 25 2
1 26 2
1 27 2
1 28 2
1 29 2
1 30 2
0
1 31 3
0
1 32 4
1 34 3
0
1 35 4
1 34 5
0
0
0
2 34 7 32 7
2 34 8 32 8
2 34 9 32 9
1 34 10
1 32 12
0
0
1 29 12
0
0
1 33 13
1 32 14
1 32 15
0
2 29 16 29 14
2 28 16 28 14
1 27 16
1 26 16
2 25 16 25 14
2 24 16 24 14
1 23 16
1 22 14
0
0
1 20 18
0
1 19 19
1 17 18
1 18 20
1 16 19
1 17 21
1 15 20
1 16 22
1 14 21
1 15 23
1 13 22
1 14 24
1 12 23
1 13 25
0
1 12 26
1 10 25
1 11 27
1 9 26
0
1 8 27
1 9 29
1 7 28
0
0
0
0
0
1 10 31
2 9 32 7 32
1 9 33
1 7 35
0
2 5 34 5 32
2 4 34 4 32
2 3 34 3 32
2 2 34 2 32
1 1 32
0
0
0
1 1 29
1 3 30
1 2 28
0
0
0
0
0
0
1 1 26
1 3 27
1 2 25
0
1 3 24
1 5 25
1 4 23
1 6 24
0
1 7 23
1 6 21
1 8 22
0
0
0
0
0
0
0
0
0
0
0
0
0
0
0
0
0
0
0
0
0
0
0
0
0
1 10 34
0
0
0
0
2 11 37 11 35
1 12 35
1 13 37
0
2 14 34 12 34
2 14 33 12 33
2 14 32 12 32
2 14 31 12 31
1 14 30
0
0
2 15 30 15 28
2 16 30 16 28
2 17 30 17 28
2 18 30 18 28
1 19 30
0
0
1 21 27
1 22 29
0
0
2 24 30 22 30
2 24 31 22 31
0
0
1 21 31
1 20 33
1 19 31
2 18 33 18 31
2 17 33 17 31
1 16 31
0
2 17 34 15 34
1 15 35
2 17 36 15 36
0
0
1 18 35
1 20 36
0
1 21 35
0
1 18 34
0
1 22 35
1 23 35
0
2 25 35 25 33
2 26 35 26 33
0
1 29 35
0
1 26 36
0
0
0
1 31 35
1 32 35
0
0
1 35 35
0
0
0
2 37 34 35 34
2 37 33 35 33
1 35 32
2 37 31 35 31
2 37 30 35 30
1 35 29
1 37 28
1 35 26
1 33 27
0
0
2 35 25 33 25
2 35 24 33 24
1 33 23
2 35 22 33 22
1 35 21
1 35 20
1 35 19
0
0
0
0
1 36 18
2 35 17 33 17
1 35 16
1 33 14
0
0
0
1 29 18
0
0
2 31 20 29 20
0
1 29 23
2 28 22 28 20
1 27 22
0
2 28 19 26 19
2 28 18 26 18
0
0
0
1 24 18
1 23 18
0
0
2 23 19 21 19
1 23 20
1 21 22
2 20 21 20 19
0
0
2 20 22 18 22
2 20 23 18 23
2 20 24 18 24
1 18 25
0
2 21 26 21 24
0
2 23 26 23 24
2 24 26 24 24
2 25 26 25 24
1 26 26
0
0
2 28 25 28 23
1 29 25
2 30 25 30 23
1 31 25
1 32 23
0
0
0
0
0
0
0
0
0
0
0
0
0
0
0
0
0
0
0
0
0
0
0
0
0
0
0
0
0
0
0
0
0
0
0
0
0
0
0
0
0
0
0
0
0
0
0
0
0
0
0
0
0
0
0
0
0
0
0
0
0
0
0
0
0
0
0
0
0
0
0
0
0
0
0
0
0
0
0
0
0
0
0
0
0
0
0
0
0
0
0
0
0
0
0
0
0
0
0
0
0
0
0
0
0
0
0
0
0
0
0
0
0
0
0
0
0
0
0
0
0
0
0
0
0
0
0
0
0
0
0
0
0
0
0
0
0
0
0
0
0
0
0
0
0
0
0
0
0
0
0
0
0
0
0
0
0
0
0
0
0
0
0
0
0
0
0
0
0
0
0
0
0
0
0
0
0
0
0
0
0
0
0
0
0
0
0
0
0
0
0
0
0
0
0
0
0
0
0
0
0
0
0
0
0
0
0
0
0
0
1 21 5
2 23 6 21 6
2 23 7 21 7
0
1 21 10
1 20 9
1 19 7
0
0
0
0
0
0
0
0
0
0
0
0
0
0
0
0
0
0
0
0
0
0
0
0
0
0
0
0
0
0
0
0
0
0
0
0
0
0
0
0
0
0
0
0
0
0
0
0
0
0
0
0
0
0
0
0
0
0
0
0
0
0
0
0
0
0
0
0
0
0
0
0
0
0
0
0
0
1 3 2
0
0
0
0
0
1 2 3
0
1 3 4
1 2 6
1 4 5
1 3 7
0
1 4 8
0
0
0
1 6 10
1 8 9
0
1 9 10
0
0
0
1 10 10
0
0
0
0
0
0
0
0
0
1 14 10
0
0
0
0
0
0
0
0
0
0
0
0
0
0
0
0
0
0
0
0
0
0
0
0
0
0
0
0
0
0
0
0
0
0
0
0
0
0
0
0
0
0
0
0
0
0
0
0
0
0
0
0
0
0
0
0
0
0
0
0
0
0
0
0
0
0
0
0
0
0
0
0
0
0
0
0
0
0
0
0
0
0
0
0
0
0
0
0
0
0
0
0
0
0
0
0
0
0
0
0
0
0
0
0
0
0
0
0
0
0
0
0
0
0
0
0
0
0
0
0
0
0
0
0
0
0
0
0
0
0
0
0
0
0
0
0
0
0
0
0
0
0
0
0
0
0
0
0
0
0
0
0
0
0
0
0
0
0
0
0
0
0
0
0
0
0
0
0
0
0
0
0
0
0
0
0
0
0
0
0
0
0
0
0
0
0
0
0
0
0
0
0
0
0
0
0
0
0
0
0
0
0
0
0
0
0
0
0
0
0
0
0
0
0
0
0
0
0
0
0
0
0
0
0
0
0
0
0
0
0
0
0
0
0
0
0
0
0
0
0
0
0
0
0
0
0
0
0
0
0
0
0
0
0
0
0
0
0
0
0
0
0
0
0
0
1 25 23
0
0
0
0
0
0
0
0
0
0
0
1 17 26
0
0
0
1 16 26
0
0
0
0
0
1 16 24
0
0
0
0
0
0
0
0
0
0
0
0
0
0
0
0
0
0
0
0
0
0
0
0
0
0
0
0
0
0
0
0
0
0
0
0
0
0
0
0
0
0
0
0
0
0
0
0
0
0
0
0
0
0
0
0
0
0
0
0
0
0
0
0
0
0
0
0
0
0
0
0
0
0
0
0
0
0
0
0
0
0
0
0
0
0
0
0
0
0
0
0
0
0
0
0
0
0
0
0
0
0
0
0
0
0
0
0
0
0
0
0
0
0
0
0
0
0
0
0
0
0
0
0
0
0
0
0
0
0
0
0
0
0
0
0
0
0
0
0
0
0
0
0
0
0
0
0
0
0
0
0
0
0
0
0
0
0
0
0
0
0
0
0
0
0
0
0
0
0
0
0
0
0
0
0
0
0
0
0
0
0
0
0
0
0
0
0
0
0
0
0
0
0
0
0
0
0
0
0
0
0
0
0
0
0
0
0
0
0
0
0
0
0
0
0
0
0
0
0
0
0
0
0
0
0
0
0
0
0
0
0
0
0
0
0
0
0
0
0
0
2 16 14 16 12
0
0
0
0
0
0
0
0
0
0
0
0
0
0
0
0
0
0
0
0
0
0
0
0
0
0
0
0
0
0
0
0
0
0
0
0
0
0
0
0
0
0
0
0
0
0
0
0
0
0
0
0
0
0
0
0
0
0
0
0
0
0
0
0
0
0
0
0
0
0
0
0
0
0
0
0
0
0
0
0
0
0
0
0
0
0
0
0
0
0
0
0
0
0
0
0
0
0
0
0
0
0
0
0
0
0
0
0
0
0
0
0
0
0
0
0
0
0
0
0
0
0
0
0
0
0
0
0
0
0
0
0
0
1 7 20
1 9 21
0
1 10 20
1 9 18
1 11 19
0
0
0
0
0
0
0
0
0
0
0
0
0
0
0
0
0
0
0
0
0
1 1 23
0
0
0
0
0
0
0
0
0
1 6 18
0
1 7 17
0
0
0
0
0
0
0
0
0
0
0
0
0
0
0
0
0
0
0
0
0
0
1 2 35
1 1 37
1 3 36
0
0
0
0
0
0
0
0
0
0
0
0
0
0
0
0
0
0
0
0
0
0
0
0
0
0
0
0
0
0
0
0
0
0
0
0
0
0
0
0
0
0
0
0
0
0
0
0
0
0
0
0
0
0
0
0
0
0
0
0
0
0
0
0
0
0
0
0
0
0
0
0
0
0
0
0
0
0
0
0
0
0
0
0
0
0
0
0
0
0
0
0
0
0
0
0
0
0
0
0
0
0
0
0
0
0
0
0
0
0
0
0
0
0
0
0
0
0
0
0
0
0
0
0
0
0
0
0
0
0
0
0
0
0
0
0
0
0
0
0
0
0
0
0
0
0
0
0
0
0
0
0
0
0
0
0
0
0
0
0
0
1 31 27
2 33 28 31 28
0
2 33 30 31 30
2 33 31 31 31
1 33 32
1 33 33
0
0
0
0
1 29 31
1 27 32
0
0
2 29 30 27 30
1 27 29
2 29 28 27 28
0
0
0
0
0
0
0
0
0
0
0
0
0
0
0
0
0
0
0
0
0
0
0
0
0
0
0
0
0
0
0
0
0
0
0
0
0
0
0
0
0
0
0
0
0
0
0
0
0
0
0
0
0
0
0
0
0
0
0
0
0
0
0
0
0
0
0
0
1 36 15
1 35 13
0
1 36 12
0
0
0
0
0
0
0
0
0
0
0
0
0
0
0
0
0
0
0
0
0
0
0
0
0
0
0
0
0
0
0
0
0
0
0
0
0
0
0
0
0
0
0
0
0
0
0
0
0
0
0
0
0
0
0
0
0
0
0
0
0
0
0
0
0
0
0
0
0
0
0
0
0
0
0
0
0
0
0
0
0
0
0
0
0
0
0
0
0
0
0
0
0
0
0
0
0
0
0
0
0
0
0
0
0
0
0
0
0
0
0
0
0
0
0
0
0
0
0
0
0
0
0
0
0
0
0
0
1 10 17
0
0
0
0
0
0
0
0
0
2 13 19 13 17
0
0
0
0
1 12 21
0
0
1 10 23
1 12 22
0
0
0
0
1 7 26
1 9 25
0
0
0
0
0
0
0
0
0
0
0
0
0
0
0
0
0
0
0
0
0
0
0
0
0
0
0
0
0
0
0
0
0
0
0
0
0
0
0
0
0
0
0
0
0
0
0
0
0
0
0
0
0
0
0
0
0
0
0
0
0
0
0
0
0
0
0
0
0
0
0
0
0
0
0
0
0
0
0
0
0
0
0
0
0
0
0
0
0
0
0
0
0
0
0
0
0
0
0
0
0
0
0
0
0
0
0
0
0
0
0
0
0
0
0
0
0
0
0
0
0
0
0
0
0
0
0
0
0
0
0
0
0
0
0
0
0
0
0
0
0
0
0
0
0
0
0
0
0
0
0
0
0
0
0
0
0
0
0
0
0
0
0
0
0
0
0
0
0
0
0
0
0
0
0
0
0
0
0
0
0
0
0
0
0
0
0
0
0
0
0
0
0
0
0
0
0
0
0
2 24 23 24 21
0
0
0
0
0
0
0
0
0
0
0
0
0
0
0
0
0
0
0
0
0
0
0
0
0
0
0
0
0
0
0
0
0
0
0
0
0
0
0
0
0
0
0
0
0
0
0
0
0
0
0
0
0
0
0
0
0
0
0
0
0
0
0
0
0
0
0
0
0
0
0
0
0
0
0
0
0
0
0
0
0
0
0
0
0
0
0
0
0
0
0
0
0
0
0
0
0
0
0
0
0
0
0
0
0
0
0
0
0
0
0
0
0
0
0
0
0
0
0
0
0
0
0
0
0
0
0
0
0
0
0
0
0
0
0
0
0
0
0
0
0
0
0
0
0
0
0
0
0
0
0
0
0
0
0
0
0
0
0
0
0
0
0
0
0
0
0
0
0
0
0
0
0
0
0
0
0
0
0
0
0
0
0
0
0
0
0
0
0
0
0
0
0
0
0
0
0
0
0
0
0
0
0
0
0
0
0
0
0
0
0
0
0
0
0
0
0
0
0
0
0
0
0
0
0
0
0
0
0
0
0
0
0
0
0
0
0
0
0
0
0
0
0
0
0
0
0
0
0
0
0
0
0
0
0
0
0
0
0
0
0
0
0
0
0
1 5 10
1 4 10
0
1 1 10
1 2 9
0
0
0
0
0
0
0
0
0
0
0
0
0
0
0
0
0
0
0
0
0
0
0
0
0
0
0
0
0
0
0
0
0
0
0
0
0
0
0
0
0
0
0
0
0
0
0
0
0
0
0
0
0
0
0
0
0
0
0
0
0
0
0
0
0
0
0
0
0
0
0
0
0
0
0
0
0
0
0
0
0
0
0
0
0
0
0
0
0
0
0
0
0
0
0
0
0
0
0
0
0
0
0
0
0
0
0
0
0
0
0
0
0
0
0
0
0
0
0
0
0
0
0
0
0
0
0
0
0
0
0
0
0
0
0
0
0
0
0
0
0
0
0
0
0
0
0
0
0
0
0
0
0
0
0
0
0
0
0
0
0
0
0
0
0
0
0
0
0
0
0
0
0
0
0
0
0
0
0
0
0
0
0
0
0
0
0
0
0
0
0
0
0
0
0
0
0
0
0
0
0
0
0
0
0
0
0
0
0
0
0
0
0
0
0
0
0
0
0
0
0
0
0
0
0
0
0
0
0
0
0
0
1 36 9
1 35 9
0
0
0
0
0
0
0
0
0
0
0
0
0
0
0
0
0
0
0
0
0
0
0
0
0
0
0
0
0
0
0
0
0
0
0
0
0
0
0
0
0
0
0
0
0
0
0
0
0
0
0
0
0
0
0
0
0
0
0
0
0
0
0
0
0
0
0
0
0
0
0
0
0
0
0
0
0
0
0
0
0
0
0
0
0
0
0
0
0
0
0
0
0
0
0
0
0
0
0
0
0
0
0
0
0
0
0
0
0
0
0
0
0
0
0
0
0
0
0
0
0
0
0
0
0
0
0
0
0
0
0
0
0
0
0
0
0
0
0
0
0
0
0
0
0
0
0
0
0
0
0
0
0
0
0
0
0
1 31 4
1 30 4
1 29 4
1 28 4
0
0
1 26 3
0
0
0
0
0
0
0
0
0
0
0
0
0
0
0
0
0
0
0
0
0
0
0
0
0
0
0
0
0
0
0
0
0
0
0
0
0
0
0
0
0
0
0
0
0
0
0
0
0
0
0
0
0
0
0
0
0
0
0
0
0
0
0
0
0
0
0
0
0
