8 1 15 1 26 2 26 3 27 0 27 2 28 0 13 0 17
1 2 16
1 1 18
1 3 17
1 2 19
1 4 18
1 3 20
1 5 19
1 4 21
1 6 20
1 5 22
1 7 21
1 6 23
1 8 22
0
0
2 8 24 6 24
0
0
0
0
0
0
0
0
0
0
0
0
0
0
0
0
0
0
1 2 14
0
0
2 2 12 0 12
2 2 11 0 11
1 2 10
0
0
1 2 8
1 1 6
1 3 7
1 2 5
1 4 6
1 3 4
1 5 5
1 4 3
1 6 4
1 5 2
1 7 3
1 6 1
1 8 2
1 7 0
1 9 1
0
0
0
1 10 2
1 11 2
0
1 13 2
1 14 2
1 15 2
1 16 2
0
1 18 2
1 19 2
1 20 2
1 21 2
1 22 2
1 24 1
1 23 3
1 25 2
1 24 4
1 26 3
1 25 5
0
1 26 6
1 28 5
1 27 7
1 29 6
1 28 8
0
1 29 9
0
0
0
0
1 29 12
1 28 12
1 27 11
1 26 9
2 25 11 25 9
1 24 9
2 23 11 23 9
2 22 11 22 9
2 21 11 21 9
1 20 9
2 19 11 19 9
2 18 11 18 9
2 17 11 17 9
2 16 11 16 9
2 15 11 15 9
2 14 11 14 9
2 13 11 13 9
2 12 11 12 9
2 11 11 11 9
2 10 11 10 9
0
0
0
0
0
0
0
0
0
0
0
0
0
0
0
0
0
0
0
0
0
0
0
0
1 27 14
1 28 16
1 26 15
1 27 17
0
0
0
0
0
0
0
0
1 29 18
0
1 28 19
1 26 18
1 27 20
1 25 19
1 26 21
1 24 20
0
0
0
0
0
0
0
0
0
0
0
1 29 21
0
1 28 22
0
1 27 23
1 25 22
1 26 24
0
1 25 25
1 23 24
1 24 26
1 22 25
1 23 27
1 21 26
1 22 28
1 20 27
1 21 29
1 19 28
0
1 18 29
0
0
0
1 17 28
1 16 28
1 15 28
1 14 28
1 13 28
1 12 28
1 11 28
1 10 28
1 9 28
1 8 28
1 7 28
0
1 5 28
0
1 2 29
0
0
1 3 26
0
0
0
0
1 8 26
1 9 26
1 10 26
0
1 13 26
1 12 24
2 10 25 14 25
1 13 23
1 15 24
1 14 22
1 16 23
1 15 21
1 17 22
1 16 20
1 18 21
1 17 19
1 19 20
1 18 18
1 20 19
1 19 17
1 21 18
0
1 22 17
1 21 15
1 23 16
1 22 14
1 24 15
1 23 13
0
1 24 12
1 25 13
0
1 24 16
1 24 17
0
0
0
0
0
0
0
0
0
0
0
0
0
0
0
0
0
0
0
0
0
0
0
0
0
0
0
0
0
1 10 22
2 9 25 9 23
0
0
0
1 12 22
1 12 21
1 10 19
2 9 22 9 20
0
0
1 7 19
2 9 18 7 18
1 9 17
0
0
0
1 6 16
2 5 18 5 16
0
0
1 5 15
2 5 14 3 14
2 5 13 3 13
2 5 12 3 12
2 5 11 3 11
2 5 10 3 10
1 5 9
2 5 8 3 8
0
0
1 6 6
1 7 6
1 8 6
1 9 6
1 11 8
0
0
1 6 10
1 9 11
1 9 12
2 9 13 7 13
0
0
0
0
0
0
0
0
0
0
0
0
0
0
0
0
0
0
0
0
0
0
0
0
0
0
0
0
0
0
0
0
0
0
0
0
0
0
0
0
0
0
0
0
0
0
0
0
0
0
0
0
0
0
0
0
0
0
0
0
0
0
0
0
0
0
0
0
0
0
0
0
0
2 23 19 23 17
0
0
0
0
0
2 23 21 21 21
0
0
1 19 23
1 20 25
2 18 24 22 24
0
0
0
0
0
0
0
1 17 26
1 16 26
0
0
0
0
0
0
0
0
0
0
0
0
0
0
0
0
0
0
0
0
0
0
0
0
0
0
0
0
0
0
0
0
0
0
0
0
0
0
0
0
0
0
0
0
0
0
0
0
0
0
0
0
0
0
0
0
0
0
0
0
0
0
0
0
0
0
0
0
0
0
0
0
0
0
0
0
0
0
0
0
0
0
0
0
0
0
0
0
0
0
0
0
0
0
0
0
0
0
0
0
0
1 10 6
0
2 12 8 12 6
2 13 8 13 6
2 14 8 14 6
2 15 8 15 6
2 16 8 16 6
2 17 8 17 6
2 18 8 18 6
2 19 8 19 6
2 20 8 20 6
2 21 8 21 6
2 22 8 22 6
1 23 8
0
1 24 5
0
0
2 21 5 21 3
2 20 5 20 3
0
0
0
0
0
0
0
0
0
0
0
0
0
0
0
0
0
0
0
0
0
0
0
0
0
0
0
0
0
0
0
0
2 12 14 12 12
2 13 14 13 12
2 14 14 14 12
1 15 12
1 16 12
2 17 14 17 12
1 18 14
0
0
1 20 13
0
0
0
0
0
1 17 15
1 18 17
0
0
0
0
0
0
0
0
0
0
0
0
0
0
0
0
0
0
0
0
0
0
0
0
0
0
0
0
0
0
0
0
0
0
0
0
0
0
0
0
0
0
0
0
0
0
0
0
0
0
0
0
0
0
0
0
0
0
0
0
0
0
0
0
0
0
0
0
0
0
0
0
0
0
0
0
0
0
0
0
0
0
0
0
0
0
0
0
0
0
0
0
0
0
0
0
0
0
0
0
0
0
0
0
0
0
0
0
0
0
0
0
0
0
0
0
0
0
0
0
0
0
0
0
0
0
0
0
0
0
0
0
0
0
0
0
0
0
0
0
0
0
0
0
0
0
0
0
0
0
0
0
0
0
0
0
0
0
0
0
0
0
0
0
0
0
0
0
1 1 3
0
1 2 2
0
1 3 1
0
0
0
0
0
0
0
0
0
0
0
0
0
0
0
0
0
0
0
0
0
0
0
0
0
0
0
0
0
0
0
0
0
0
0
0
0
0
0
0
0
0
0
0
0
0
0
0
0
0
0
0
0
0
0
0
0
0
0
0
0
0
0
0
0
0
0
0
0
0
0
0
0
0
0
0
0
0
0
0
0
0
0
0
0
0
0
0
0
0
0
0
0
0
0
0
0
0
0
0
0
0
0
0
0
0
0
0
0
0
0
0
0
0
0
0
0
0
0
0
0
0
0
0
0
0
0
0
0
0
0
0
0
0
0
0
0
0
0
0
0
0
0
0
0
0
0
0
0
0
0
0
0
0
0
0
0
0
0
0
0
0
0
0
0
0
0
0
0
0
0
0
0
0
0
0
0
1 16 16
1 17 18
1 15 17
1 16 19
1 14 18
1 15 20
1 13 19
1 14 21
0
1 13 22
0
0
1 11 17
1 13 18
1 10 16
0
0
1 14 17
2 13 16 11 16
0
0
0
0
0
0
0
0
0
0
0
0
0
0
0
0
0
0
0
0
0
0
0
0
0
0
0
0
0
0
0
0
0
0
0
0
0
0
0
0
0
0
0
0
0
0
0
0
0
0
0
0
0
0
0
0
0
0
0
0
0
0
0
0
0
0
0
0
0
0
0
0
0
0
0
0
0
0
0
0
0
0
0
0
0
0
0
0
0
0
0
0
0
0
0
0
0
0
0
0
0
0
0
0
0
0
0
0
0
0
0
0
0
0
0
0
0
0
0
0
0
0
0
0
0
0
1 29 24
0
0
0
0
0
0
0
0
0
0
0
0
0
0
0
0
0
0
0
0
0
0
0
0
0
0
0
0
0
0
0
0
0
0
0
0
0
0
0
0
0
0
0
0
0
0
0
0
0
0
0
0
0
0
0
0
0
0
0
0
0
0
0
0
0
0
0
0
0
0
0
0
0
0
0
0
0
0
0
0
0
0
0
0
0
0
0
0
0
0
0
0
0
0
0
0
0
0
0
0
0
0
0
0
0
0
0
0
0
0
0
0
0
0
0
0
0
0
0
0
0
0
0
0
0
0
0
1 11 15
0
0
0
0
0
0
0
0
0
0
0
0
0
0
0
0
0
0
0
0
0
0
0
0
0
0
0
0
0
0
0
0
0
0
0
0
0
0
0
0
0
0
0
0
0
0
0
0
0
0
0
0
0
0
0
0
0
0
0
0
0
0
0
0
0
0
0
0
0
0
0
0
0
0
0
0
0
0
0
0
0
0
0
0
0
0
0
0
0
0
0
0
0
0
0
0
0
0
0
0
0
0
0
0
0
0
0
0
0
0
0
0
0
0
0
0
0
0
0
0
0
0
0
0
0
0
0
0
0
0
0
0
0
0
0
0
0
0
0
0
0
0
1 28 2
0
1 27 1
0
0
0
0
0
0
0
0
0
0
0
0
0
0
0
0
0
0
0
0
0
0
0
0
0
0
0
0
0
0
0
0
0
0
0
0
0
0
0
0
0
0
0
0
0
0
0
0
0
0
0
0
0
0
0
0
0
0
0
0
0
0
0
0
0
0
0
0
0
0
0
0
0
0
0
0
0
0
0
0
0
0
0
0
0
0
0
0
0
0
0
0
0
0
0
0
0
0
0
0
0
0
0
0
0
0
0
0
0
0
0
0
0
0
0
0
0
0
0
0
0
0
0
0
0
0
0
0
2 19 5 19 3
2 18 5 18 3
1 17 5
2 16 5 16 3
1 15 5
0
0
0
0
0
0
0
0
0
0
0
0
0
0
0
0
0
0
0
0
0
0
0
0
0
0
0
0
0
0
0
0
0
0
0
0
0
0
0
0
0
0
0
0
0
0
0
0
0
0
0
0
0
0
0
0
0
0
0
0
0
0
0
0
0
0
1 3 23
1 1 24
1 2 22
0
1 1 21
1 0 22
0
0
0
0
0
0
0
0
0
0
0
0
0
0
0
0
0
0
0
0
0
0
0
0
0
0
0
0
0
0
0
0
0
0
0
0
0
0
0
0
0
0
0
0
0
0
0
0
0
0
0
0
0
0
0
0
0
0
0
1 28 25
0
1 27 26
0
1 26 27
0
1 25 28
0
1 24 29
0
1 23 30
0
0
0
0
0
0
0
0
0
0
0
0
0
0
1 28 26
1 29 28
0
1 28 29
1 26 28
0
0
0
0
0
0
0
0
0
0
0
0
0
0
0
0
0
0
0
0
0
0
0
0
0
0
0
0
0
0
0
0
0
0
0
0
0
0
0
0
0
0
0
0
0
0
0
0
0
0
0
0
0
0
0
0
0
0
0
0
0
0
0
0
0
0
0
0
0
0
0
0
0
0
0
0
0
0
0
0
0
0
0
0
0
0
0
0
0
0
0
0
0
0
0
0
0
0
0
0
0
0
0
0
0
0
0
0
0
0
0
0
0
0
0
2 14 5 14 3
0
0
0
0
0
0
0
0
0
0
0
0
0
0
0
0
0
0
0
0
0
0
0
0
0
0
0
0
0
0
0
0
0
0
0
0
0
0
0
0
0
0
0
0
0
0
0
0
0
0
0
0
0
0
0
0
0
0
0
0
0
0
0
0
0
0
0
0
0
0
0
0
0
0
0
0
0
0
0
0
0
0
0
0
0
0
0
0
0
0
0
0
0
0
0
0
0
0
0
0
0
0
0
0
0
0
0
0
0
0
0
0
0
0
0
0
0
0
0
0
0
0
0
0
0
0
0
0
0
0
0
0
0
0
0
0
0
0
0
0
0
0
0
0
0
0
0
0
0
0
0
0
0
0
0
0
0
0
0
0
0
0
0
0
0
0
0
0
0
0
0
0
0
0
0
0
0
0
0
0
0
0
0
0
1 1 0
0
0
0
0
0
0
0
0
0
0
0
0
0
0
1 3 0
0
0
0
0
0
0
0
0
0
0
0
0
0
0
0
0
0
0
0
0
0
0
0
0
0
0
0
0
0
0
0
0
0
0
0
0
0
0
0
0
0
0
0
0
0
0
0
0
0
0
0
0
0
0
0
0
0
0
0
0
0
0
0
0
0
0
0
0
0
0
0
0
0
0
0
0
0
0
0
0
0
0
0
0
0
0
0
0
0
0
0
0
0
0
0
0
0
0
0
0
0
0
0
0
0
0
0
0
0
0
0
0
0
0
0
0
0
0
0
0
0
0
0
0
0
0
0
0
0
0
0
0
0
0
0
0
0
0
0
0
0
0
0
0
0
0
0
0
0
0
0
0
0
0
0
0
0
0
0
0
0
0
0
0
0
0
0
0
0
0
0
0
0
0
2 13 5 13 3
1 12 5
2 11 5 11 3
2 10 5 10 3
1 9 5
2 8 5 8 3
0
0
0
0
0
0
0
0
0
0
0
0
0
0
0
0
0
0
0
0
0
0
0
0
0
0
0
0
0
0
0
0
0
0
0
0
0
0
0
0
0
0
0
0
0
0
0
0
0
0
0
0
0
0
0
0
0
0
0
0
0
0
0
0
0
0
0
0
0
0
0
0
0
0
0
0
0
0
0
0
0
0
0
0
0
0
0
0
0
0
0
0
0
0
0
0
0
0
0
0
0
0
0
0
0
0
0
0
0
0
0
0
0
0
0
0
0
0
0
0
0
0
0
0
0
0
0
0
0
0
0
0
0
0
0
0
0
0
0
0
0
0
0
0
0
0
0
0
0
0
0
0
0
0
0
0
0
0
0
0
0
0
0
0
0
0
0
0
0
0
0
0
0
0
0
0
0
0
0
0
0
0
0
0
0
0
0
0
0
0
0
0
0
0
0
0
0
0
0
0
0
0
0
0
0
0
0
0
0
0
0
0
0
0
0
0
0
0
0
0
0
0
0
0
0
0
0
0
0
0
0
0
0
0
0
0
0
0
0
0
0
0
0
0
0
0
0
0
0
0
0
0
0
0
0
0
0
0
0
0
0
0
0
0
0
0
0
0
0
0
0
0
0
0
0
0
0
0
0
0
0
0
0
0
0
0
0
0
0
0
0
0
0
0
0
0
0
0
0
0
0
0
0
0
0
0
0
0
0
0
0
0
0
0
0
0
0
0
0
0
0
0
0
0
0
0
0
0
0
0
0
0
0
0
0
0
0
0
0
0
0
0
0
0
0
0
0
0
0
0
0
0
0
0
0
0
0
0
0
0
0
0
0
0
0
0
0
0
0
0
0
0
0
0
0
0
0
0
0
0
0
0
0
0
0
0
0
0
0
0
0
0
0
0
0
0
0
0
0
0
0
0
0
0
0
0
0
0
0
0
0
0
0
0
0
0
0
0
0
0
0
0
0
0
0
0
0
0
0
0
0
0
0
0
0
0
0
0
0
0
0
0
0
0
0
0
0
0
0
0
0
0
0
0
0
0
0
0
0
0
0
0
0
0
0
0
0
0
0
0
0
0
0
0
0
0
1 24 8
2 25 8 25 6
1 26 8
0
0
0
0
0
0
0
0
0
0
0
0
0
0
0
0
0
0
0
0
0
0
0
0
0
0
0
0
0
0
0
0
0
0
0
0
0
0
0
0
0
0
0
0
0
0
0
0
0
0
0
0
0
0
0
0
0
0
0
0
0
0
0
0
0
0
0
