44 25 28 24 27 22 28 23 29 22 27 22 26 23 25 24 25 25 25 26 25 26 27 28 26 27 25 28 27 26 28 28 28 26 29 28 29 28 30 30 31 23 30 22 29 21 29 20 29 24 23 18 28 21 27 25 23 18 29 18 27 20 25 21 24 22 23 26 23 18 30 18 26 19 25 29 27 28 23 28 25 29 26 29 25 2 16 0 18
1 1 18
1 3 17
1 2 19
0
0
2 4 19 4 17
2 5 19 5 17
1 6 19
1 8 17
1 7 15
1 9 16
1 8 14
0
0
2 10 16 10 14
2 11 16 11 14
2 12 16 12 14
1 13 16
2 14 16 14 14
1 15 16
1 17 14
1 16 12
2 14 13 18 13
1 17 11
1 19 12
1 18 10
0
0
0
0
0
0
1 13 12
1 16 11
1 16 10
2 16 9 14 9
0
1 16 7
1 14 5
0
0
0
1 12 3
1 10 4
1 11 2
0
0
1 9 4
2 8 4 8 2
2 7 4 7 2
2 6 4 6 2
1 5 2
1 4 4
2 3 4 3 2
0
1 1 4
0
0
0
0
0
0
0
0
0
0
0
0
1 8 0
1 9 0
0
0
0
1 12 2
0
1 14 2
1 15 2
1 16 2
1 18 1
1 17 3
1 19 2
1 18 4
0
0
2 20 4 20 2
1 21 4
2 22 4 22 2
1 23 4
2 24 4 24 2
2 25 4 25 2
1 26 2
2 27 4 27 2
2 28 4 28 2
2 29 4 29 2
2 30 4 30 2
0
0
0
0
0
0
0
0
0
0
0
1 29 10
1 28 7
2 27 9 27 7
2 26 9 26 7
2 25 9 25 7
1 24 7
2 23 9 23 7
1 22 9
2 21 9 21 7
0
0
2 21 6 19 6
0
0
0
0
0
0
0
1 25 10
1 25 11
2 25 12 23 12
2 25 13 23 13
1 25 14
1 25 15
1 25 16
0
0
0
1 22 17
2 21 17 21 15
2 20 17 20 15
2 19 17 19 15
0
2 17 17 17 15
0
1 14 17
2 17 18 15 18
2 17 19 15 19
2 17 20 15 20
2 17 21 15 21
0
0
2 18 23 18 21
0
0
0
0
1 22 22
0
0
0
1 25 21
1 26 21
1 27 21
1 28 21
0
1 30 21
0
0
1 29 20
0
1 28 19
1 29 17
0
0
0
0
0
1 27 19
0
0
1 25 19
0
0
0
0
0
0
0
0
0
0
0
0
0
0
0
0
0
0
0
0
0
0
0
0
0
0
0
0
0
0
0
0
0
0
0
1 15 23
2 14 23 14 21
1 13 23
2 12 23 12 21
1 11 21
2 10 23 10 21
1 9 21
2 8 23 8 21
1 7 23
0
0
0
0
0
0
0
0
0
0
0
0
0
0
0
0
0
0
0
0
0
0
0
0
0
0
0
0
0
0
0
0
0
0
0
0
0
0
0
0
0
0
0
0
0
0
0
0
0
0
0
0
0
0
0
0
0
0
0
0
0
0
0
0
0
0
0
0
0
0
0
0
0
0
0
0
0
0
0
0
0
0
0
0
0
0
0
0
1 3 7
0
0
0
0
0
0
0
0
0
0
0
0
0
0
0
0
0
0
0
0
0
0
0
0
0
0
0
0
0
0
0
0
0
0
0
0
0
0
0
0
0
0
0
0
0
0
0
0
0
0
0
0
0
0
0
0
0
0
0
0
0
0
0
0
0
0
0
0
0
0
0
0
0
0
0
0
0
0
0
0
0
0
0
0
0
0
0
0
0
0
0
0
0
0
0
0
0
0
0
0
0
0
0
0
0
0
1 4 22
1 3 22
0
0
2 1 21 1 19
1 0 19
0
0
1 1 24
0
1 2 25
1 4 24
1 3 26
1 5 25
1 4 27
1 6 26
1 5 28
1 7 27
0
0
1 7 30
2 8 29 8 27
0
1 11 29
1 10 31
1 8 30
0
0
0
1 13 29
1 14 29
1 15 29
0
0
0
0
0
0
0
0
0
0
0
0
0
0
0
0
0
0
0
0
0
0
0
0
0
0
0
0
0
0
0
0
0
0
0
0
0
0
0
0
1 31 27
0
1 31 29
0
0
0
0
0
0
0
0
0
0
0
0
0
0
0
0
0
0
0
0
0
0
0
0
0
0
0
0
0
0
0
0
0
0
0
0
0
0
0
0
0
0
0
0
0
0
0
0
0
0
0
0
0
0
0
0
0
0
0
0
0
0
0
0
0
0
0
0
0
0
0
0
0
0
0
0
0
0
0
0
0
0
0
0
0
0
0
0
0
0
0
0
0
0
0
0
0
0
0
0
0
0
0
0
0
0
0
0
0
0
0
1 18 6
0
0
0
0
0
0
0
0
0
0
0
0
0
0
0
0
0
0
0
0
0
0
0
0
0
0
0
0
0
0
0
0
0
0
0
0
0
0
0
0
0
0
0
0
0
0
0
0
0
0
0
0
0
0
0
0
0
0
0
0
0
0
0
0
0
1 4 6
1 5 6
1 6 6
0
0
0
0
0
0
0
0
0
0
0
0
0
0
0
0
0
0
0
0
0
0
0
0
0
0
0
0
0
0
0
0
0
0
0
0
0
0
0
0
0
0
0
0
0
0
0
0
0
0
0
0
0
0
0
0
0
0
0
0
0
0
0
0
0
0
0
0
0
0
0
0
0
0
0
0
0
0
0
0
0
0
0
0
0
0
0
0
0
0
0
0
0
0
0
0
0
0
0
0
0
0
0
0
0
0
0
0
0
1 2 29
0
0
0
0
0
0
0
0
0
0
0
0
0
0
0
0
0
0
0
0
0
0
0
0
0
0
0
0
0
0
0
0
0
0
0
0
0
0
1 8 31
0
0
0
0
0
0
0
0
0
0
0
2 17 28 15 28
1 17 27
1 15 25
2 14 28 14 26
2 13 28 13 26
0
1 10 26
0
0
0
0
0
0
0
0
0
0
0
0
0
0
0
0
0
0
0
0
0
0
0
0
0
0
0
0
0
0
0
0
0
0
0
0
0
0
0
0
0
0
0
0
0
0
0
0
0
0
0
0
0
0
0
0
0
0
0
0
0
0
0
0
0
0
0
0
0
0
0
0
0
0
0
0
0
0
0
0
0
0
0
0
0
0
0
0
0
0
0
0
0
0
0
0
0
0
0
0
0
0
0
0
0
0
0
0
0
0
0
0
0
0
0
0
0
0
0
0
0
0
0
0
0
0
0
0
0
0
0
0
0
0
0
0
0
0
0
0
1 8 6
1 9 6
0
0
1 9 7
2 11 8 9 8
0
0
0
1 6 8
0
0
0
0
0
0
0
1 4 9
1 4 10
2 6 11 4 11
1 4 12
1 4 13
0
0
1 3 13
1 2 15
0
0
2 0 14 0 12
0
0
0
2 3 11 1 11
2 3 10 1 10
2 3 9 1 9
2 3 8 1 8
0
0
0
0
0
0
0
0
0
0
0
0
0
0
0
0
0
0
0
0
0
0
0
0
0
0
0
0
0
0
0
0
0
0
0
0
0
0
0
0
0
0
0
0
0
0
0
0
0
0
0
0
0
0
0
0
0
0
0
0
0
0
0
0
0
0
0
0
0
0
0
0
0
0
0
0
0
0
0
0
0
0
0
0
0
0
0
0
0
1 29 1
0
0
0
0
0
0
0
0
0
0
0
0
0
0
0
0
0
0
0
0
0
0
0
0
0
0
0
1 17 4
0
0
0
0
0
0
0
0
0
0
0
0
0
0
0
0
0
0
0
0
0
0
0
0
0
0
0
0
0
0
0
0
0
0
0
0
0
0
0
0
0
0
0
0
1 8 20
0
0
1 9 20
1 10 20
1 11 18
2 12 20 12 18
0
0
0
0
0
0
0
0
0
0
0
0
0
0
0
0
0
0
0
0
0
0
0
0
0
0
0
0
0
0
0
0
0
0
0
0
0
0
0
0
0
0
0
0
0
0
0
0
0
0
0
0
0
0
0
0
0
0
0
0
0
0
0
0
0
0
0
0
0
0
0
0
0
0
0
0
0
0
0
0
0
0
0
0
0
0
0
0
0
0
0
0
0
0
0
0
0
0
0
0
0
0
0
0
0
0
0
0
0
0
0
0
0
0
0
0
0
0
0
0
0
0
0
0
0
0
0
0
0
0
0
0
0
0
0
0
0
0
0
0
0
0
0
0
0
0
0
0
0
0
0
0
0
0
0
0
0
0
0
0
0
0
0
0
0
0
0
0
0
0
0
0
0
0
0
0
0
0
0
0
0
0
0
0
0
0
0
0
0
0
0
0
0
0
