27 8 19 9 18 11 19 11 18 11 17 10 16 8 17 9 15 8 15 7 15 7 17 5 16 6 17 5 15 7 14 6 13 4 14 5 12 4 12 2 13 3 12 3 15 2 15 1 13 1 15 0 17 2 10
2 1 8 1 12
1 3 11
0
0
0
0
1 2 7
1 3 8
1 4 10
1 6 8
0
2 3 7 7 7
1 6 5
1 8 6
0
0
0
0
0
1 2 6
0
0
0
0
0
1 3 4
1 2 4
1 1 4
0
0
0
0
0
0
0
0
0
0
0
0
1 5 2
1 6 2
1 7 2
0
1 9 2
0
1 11 2
1 12 2
1 13 2
1 14 2
1 15 2
1 16 2
0
1 18 2
0
0
0
0
1 18 5
0
1 16 4
1 15 4
1 14 4
1 13 4
1 12 4
0
2 10 4 10 2
0
1 7 4
0
0
1 10 8
2 11 7 11 5
2 12 7 12 5
1 13 7
2 14 7 14 5
1 15 7
0
0
0
0
2 18 7 16 7
2 18 8 16 8
2 18 9 16 9
0
2 18 11 16 11
1 16 12
2 18 13 16 13
2 18 14 16 14
2 18 15 16 15
0
0
2 15 17 15 15
2 14 17 14 15
2 13 17 13 15
0
0
0
2 12 14 10 14
2 12 13 10 13
2 12 12 10 12
2 12 11 10 11
1 12 10
1 12 9
0
0
0
1 14 9
0
0
1 14 10
0
0
2 13 12 13 10
0
0
2 15 13 13 13
0
0
0
0
0
0
0
0
0
0
0
0
2 9 10 9 8
1 8 10
1 7 8
0
0
0
1 8 11
0
1 5 10
0
0
0
0
0
1 8 14
0
0
0
0
0
0
0
0
0
0
0
0
0
0
0
0
0
1 13 18
0
0
0
0
0
0
0
0
0
0
0
0
0
0
0
0
0
0
0
0
0
0
0
0
0
0
0
0
0
0
0
0
0
0
0
0
0
0
0
0
0
0
0
0
0
0
0
0
0
0
0
0
0
0
0
0
0
0
0
0
0
0
0
0
0
0
0
0
0
0
0
0
0
0
0
0
0
0
0
0
0
0
0
0
0
0
0
0
0
0
0
0
0
0
0
0
0
0
0
0
0
0
0
