25 18 6 16 7 17 7 15 6 15 8 17 5 20 1 1 20 19 3 3 19 0 5 20 5 5 20 1 7 19 7 7 19 0 9 20 9 19 11 20 13 1 15 19 15 0 17 20 17 17 20
1 2 11
1 1 13
1 3 12
1 2 14
1 4 13
0
0
0
1 2 15
0
0
2 4 17 2 17
1 4 18
0
0
0
0
0
1 6 19
1 5 17
1 7 18
0
1 8 17
1 7 15
2 5 16 9 16
0
1 10 15
0
2 7 14 11 14
1 10 12
1 12 13
1 11 11
1 13 12
0
0
1 13 9
0
1 14 8
0
0
2 16 10 16 8
2 17 10 17 8
1 18 10
0
0
0
0
0
0
0
1 19 4
0
0
0
1 17 3
1 17 2
1 19 1
0
2 16 2 16 0
0
2 14 2 14 0
1 13 2
0
0
0
1 10 2
1 9 2
0
0
0
1 9 3
0
0
0
0
0
1 4 1
1 5 3
1 3 2
1 4 4
0
0
0
0
1 1 0
0
0
0
1 1 6
1 3 5
0
0
0
1 3 8
2 3 9 1 9
0
0
0
2 5 11 5 9
1 6 9
2 7 11 7 9
1 8 11
2 9 11 9 9
1 10 11
0
0
1 12 7
0
0
1 10 7
2 12 6 10 6
1 12 5
1 10 4
0
0
0
0
0
0
0
0
0
0
0
0
0
0
0
0
0
0
0
0
0
0
0
0
0
0
0
0
0
0
0
0
0
0
0
0
0
0
0
0
0
0
0
0
0
0
0
0
0
0
0
0
0
0
0
0
0
0
0
0
0
0
0
0
0
0
1 18 12
1 19 14
1 17 13
1 18 15
1 16 14
1 17 16
0
0
1 15 16
0
0
0
0
0
0
0
0
0
0
0
0
0
1 9 18
0
0
0
0
0
0
0
0
0
0
0
0
0
0
0
0
0
0
1 15 17
0
0
0
0
0
0
0
0
0
0
0
0
0
0
0
0
0
0
0
0
0
0
0
0
0
0
0
0
0
0
0
0
0
0
0
0
0
0
0
0
0
0
0
0
0
0
0
0
0
0
0
0
0
0
0
0
0
0
0
0
0
0
0
0
0
0
0
0
0
0
0
0
0
0
1 12 2
0
1 14 3
1 15 3
0
0
0
0
0
0
0
0
0
0
0
0
0
0
0
0
0
0
0
0
0
0
0
0
0
0
0
0
0
0
0
0
0
0
0
0
0
0
0
0
0
0
0
0
0
0
0
0
0
0
0
0
0
0
0
0
0
0
0
0
0
0
0
0
0
0
0
0
0
0
0
0
0
0
0
0
0
2 18 18 18 16
0
0
0
0
0
0
0
0
0
0
0
0
0
0
0
0
0
0
0
0
0
0
0
0
0
0
0
0
0
0
0
0
0
0
0
0
0
0
0
0
0
0
0
0
0
0
0
0
0
0
0
0
0
0
0
0
0
0
0
0
0
0
0
0
0
0
0
0
0
0
0
0
0
0
0
0
1 10 3
0
0
0
0
0
0
0
0
0
0
0
0
0
0
0
0
0
0
0
0
0
0
0
0
0
0
0
0
0
0
0
0
0
0
0
0
0
0
0
0
0
0
0
0
0
0
0
0
0
0
0
0
0
0
0
0
0
0
0
0
0
0
0
0
0
0
0
0
0
0
0
0
0
0
0
0
0
1 20 19
0
0
0
0
0
0
0
0
0
0
0
0
0
0
0
0
0
0
0
0
0
0
0
0
0
0
0
0
0
0
0
0
0
0
0
0
0
0
0
0
0
0
0
0
0
0
0
0
0
0
0
0
0
0
0
0
0
0
0
0
0
0
0
0
0
0
0
0
0
0
0
0
0
0
0
0
0
0
0
0
0
0
0
0
