66 1 20 27 10 28 10 26 9 26 11 28 8 26 8 26 7 27 6 29 7 29 6 27 5 28 4 30 5 29 3 31 4 31 3 29 2 31 2 29 1 31 1 29 0 33 0 0 1 39 1 1 39 1 3 38 3 3 38 0 5 5 39 38 7 7 38 0 9 39 9 9 39 1 11 38 11 11 38 0 13 39 13 13 39 1 15 38 15 15 38 17 39 19 38 0 21 39 21 21 39 1 23 38 23 23 38 0 25 39 25 1 27 38 27 29 39 1 31 38 31 33 39 1 35 38 35 0 37 39 37 37 39
1 2 19
1 1 17
1 3 18
1 2 16
1 4 17
1 3 15
1 5 16
1 4 14
0
0
2 6 16 6 14
1 7 16
1 8 14
2 9 16 9 14
2 10 16 10 14
1 11 16
2 12 16 12 14
2 13 16 13 14
2 14 16 14 14
2 15 16 15 14
1 16 16
1 18 14
2 17 13 15 13
2 17 12 15 12
2 17 11 15 11
2 17 10 15 10
2 17 9 15 9
1 17 8
1 15 6
1 13 7
0
1 12 6
1 13 4
1 11 5
1 12 3
1 10 4
1 11 2
1 9 3
0
1 8 2
0
1 7 1
0
0
0
1 6 2
1 5 2
1 4 2
0
1 2 2
0
0
0
0
0
0
0
1 2 4
1 1 6
1 3 5
0
1 4 6
1 3 8
1 5 7
1 4 9
1 6 8
1 5 10
1 7 9
1 6 11
1 8 10
1 7 12
1 9 11
1 8 13
1 10 12
0
0
0
1 11 12
0
1 13 12
0
0
1 13 11
0
0
2 12 11 12 9
2 11 11 11 9
2 10 11 10 9
0
0
1 8 7
1 10 8
1 7 6
0
1 6 5
0
0
0
0
0
0
0
0
0
0
0
0
0
0
0
0
0
0
0
0
0
0
0
0
0
0
0
0
0
0
0
0
0
0
0
0
0
0
0
0
0
0
0
0
0
0
0
0
0
0
0
0
1 12 2
1 13 2
1 14 2
0
1 16 2
1 17 2
0
1 19 2
1 20 2
1 21 2
1 22 2
0
1 24 2
1 25 2
1 26 2
1 27 2
0
0
0
0
0
1 26 4
1 25 4
1 24 4
1 23 4
0
0
1 19 4
1 22 5
1 20 6
2 22 7 20 7
2 22 8 20 8
2 22 9 20 9
2 22 10 20 10
2 22 11 20 11
2 22 12 20 12
2 22 13 20 13
2 22 14 20 14
2 22 15 20 15
2 22 16 20 16
1 22 17
0
1 19 16
1 18 18
2 17 18 17 16
1 16 18
1 15 18
1 14 18
1 13 18
1 12 18
1 11 18
1 10 18
1 9 18
1 8 18
1 7 18
1 6 18
0
0
2 6 19 4 19
1 4 20
1 6 21
1 4 23
1 3 22
1 2 20
0
0
0
0
1 2 24
0
1 3 25
1 2 27
1 4 26
1 3 28
1 5 27
1 4 29
1 6 28
1 5 30
0
0
1 7 28
1 8 30
1 10 28
1 9 26
2 7 27 11 27
1 10 25
1 12 26
1 11 24
1 13 25
1 12 23
1 14 24
1 13 22
1 15 23
1 14 21
1 16 22
0
0
0
0
0
0
0
0
0
0
0
0
0
0
2 9 25 7 25
0
2 9 23 7 23
2 9 22 7 22
2 9 21 7 21
2 9 20 7 20
1 7 19
0
1 10 20
1 11 20
1 12 20
0
1 14 20
1 15 20
1 16 20
1 17 20
1 18 20
0
1 21 20
1 20 22
2 18 21 22 21
1 21 23
1 23 22
1 22 24
1 24 23
1 23 25
0
0
0
0
0
0
0
0
0
2 20 23 18 23
2 20 24 18 24
2 20 25 18 25
2 20 26 18 26
2 20 27 18 27
1 20 28
2 20 29 18 29
2 20 30 18 30
1 18 31
1 20 32
0
0
0
0
0
0
0
0
0
0
0
0
0
1 16 24
1 16 25
1 16 26
1 16 27
1 16 28
1 16 29
1 16 30
1 16 31
1 16 32
2 18 33 16 33
1 16 34
2 18 35 16 35
2 18 36 16 36
2 18 37 16 37
0
0
0
0
0
1 22 38
0
2 19 37 23 37
1 22 35
0
0
2 24 37 24 35
2 25 37 25 35
2 26 37 26 35
2 27 37 27 35
2 28 37 28 35
1 29 35
2 30 37 30 35
2 31 37 31 35
2 32 37 32 35
1 33 37
1 34 35
2 35 37 35 35
2 36 37 36 35
2 37 37 37 35
0
0
0
1 37 34
0
0
0
0
0
1 37 30
2 36 33 36 31
2 35 33 35 31
1 34 31
2 33 33 33 31
1 32 31
1 31 31
2 30 33 30 31
2 29 33 29 31
2 28 33 28 31
2 27 33 27 31
2 26 33 26 31
2 25 33 25 31
2 24 33 24 31
2 23 33 23 31
0
0
0
1 22 30
1 22 29
1 22 28
1 22 27
0
0
1 23 27
1 24 27
1 25 27
1 27 25
1 26 23
1 28 24
1 27 22
1 29 23
0
1 30 22
1 29 20
0
0
1 32 20
1 31 18
1 33 19
1 32 17
1 34 18
1 33 16
1 35 17
1 34 15
1 36 16
1 35 14
1 37 15
1 36 13
0
1 37 12
1 38 13
0
0
0
0
0
0
0
0
0
0
0
0
0
0
0
0
0
0
0
0
0
0
0
0
0
0
2 26 22 24 22
2 26 21 24 21
2 26 20 24 20
2 26 19 24 19
2 26 18 24 18
1 26 17
1 24 15
0
0
0
1 24 14
1 24 13
1 24 12
1 24 11
0
0
1 24 7
0
0
0
1 26 6
0
0
0
1 26 10
0
1 26 12
1 26 13
1 26 14
0
0
1 27 16
1 29 14
1 28 12
1 30 13
0
1 31 12
0
1 32 11
1 31 9
2 29 10 33 10
1 32 8
0
0
1 34 10
2 35 10 35 8
2 36 10 36 8
1 37 8
0
0
0
0
1 37 6
1 38 4
1 36 5
1 37 3
0
0
2 35 5 35 3
2 34 5 34 3
2 33 5 33 3
0
0
1 33 2
0
0
0
0
1 31 5
2 33 6 31 6
0
0
0
0
0
0
0
0
0
0
0
0
0
0
0
0
0
0
0
0
0
0
0
0
0
0
0
0
0
0
