44 15 13 15 15 16 15 17 13 15 12 16 11 18 11 16 10 18 10 18 9 17 8 15 9 15 8 15 7 17 7 15 6 17 6 15 5 17 5 15 4 17 4 15 3 17 3 15 2 17 2 15 1 17 1 15 0 19 0 1 19 18 3 3 18 0 5 18 7 7 18 0 9 9 19 1 11 0 13 1 15 0 17 17 19 2 10 0 12
0
1 3 9
1 2 7
1 4 8
0
0
2 4 6 2 6
1 4 5
2 4 4 2 4
2 4 3 2 3
2 4 2 2 2
2 4 1 2 1
0
0
1 5 2
1 6 2
1 7 2
1 9 1
1 8 3
1 10 2
1 9 4
1 11 3
1 10 5
1 12 4
1 11 6
1 13 5
1 12 7
0
1 13 8
0
0
0
1 13 9
1 13 10
1 13 11
1 13 12
0
0
2 12 14 12 12
2 11 14 11 12
2 10 14 10 12
2 9 14 9 12
1 8 14
2 7 14 7 12
0
0
0
0
0
0
0
2 14 15 12 15
1 12 16
1 12 17
0
0
1 11 17
2 10 19 10 17
1 9 17
1 8 19
1 6 17
1 7 15
1 5 16
1 6 14
1 4 15
0
1 3 14
1 4 12
1 2 13
0
0
2 4 11 2 11
0
0
2 5 11 5 9
1 6 9
0
0
0
0
0
0
0
0
0
0
0
0
0
0
0
0
0
0
0
0
0
0
0
0
0
0
0
0
0
0
0
0
0
0
0
0
0
0
0
0
0
0
0
0
0
0
0
0
0
0
0
0
0
0
0
0
0
0
0
0
0
0
0
0
0
0
0
0
0
0
0
0
0
0
0
0
0
0
0
0
0
0
0
0
0
0
0
0
0
0
0
0
0
0
0
0
0
0
0
0
0
0
0
0
0
0
0
0
2 7 11 7 9
2 8 11 8 9
2 9 11 9 9
2 10 11 10 9
2 11 11 11 9
1 12 11
0
0
0
0
1 9 7
1 8 7
0
0
1 6 6
1 6 5
0
0
0
0
0
0
0
0
0
0
0
0
0
0
0
0
0
0
0
0
0
0
0
0
0
0
0
0
0
0
0
0
0
0
0
0
0
0
0
0
0
0
0
0
0
0
0
0
0
0
0
1 5 8
0
0
0
0
0
0
0
0
0
0
0
0
0
0
0
0
0
0
0
0
0
0
0
0
0
0
0
0
0
0
0
0
0
0
0
0
0
0
0
0
0
0
1 17 17
0
0
0
