20 1 10 5 1 3 2 4 2 2 3 5 0 1 19 3 18 19 5 5 19 0 9 19 9 11 18 0 13 19 13 13 19 18 15 0 17 17 19 0 12
1 2 11
1 1 13
0
0
1 4 13
1 3 15
1 5 14
1 4 16
1 6 15
1 5 17
1 7 16
0
0
0
1 8 16
0
1 11 16
0
1 12 15
1 11 13
1 13 14
1 12 12
0
0
2 14 14 14 12
2 15 14 15 12
1 16 14
2 17 14 17 12
0
0
0
0
1 17 10
0
0
1 19 8
1 17 7
2 19 6 17 6
0
0
0
0
0
0
0
0
0
0
0
0
0
0
0
0
1 17 18
0
0
0
0
0
0
0
0
0
0
0
0
0
0
0
0
0
2 16 6 16 4
2 15 6 15 4
2 14 6 14 4
2 13 6 13 4
2 12 6 12 4
2 11 6 11 4
2 10 6 10 4
0
0
1 8 8
1 6 7
1 7 9
1 5 8
1 6 10
0
1 5 11
1 4 8
1 3 8
1 2 10
0
2 3 7 1 7
1 3 6
1 3 5
0
0
2 4 5 4 3
2 5 5 5 3
1 6 3
2 7 5 7 3
0
0
1 7 2
0
0
2 10 2 10 0
2 11 2 11 0
0
1 14 2
0
0
0
1 15 2
1 16 2
1 17 2
0
0
2 19 1 17 1
1 19 0
0
0
0
0
0
0
0
0
0
0
0
0
0
0
0
0
0
0
0
0
0
0
0
0
0
0
0
0
0
0
0
0
0
0
0
0
0
0
1 11 8
2 10 9 8 9
0
0
0
0
0
0
0
0
0
0
0
0
0
0
0
0
0
0
0
0
0
0
0
0
0
0
0
0
0
0
0
0
0
0
0
0
0
0
0
0
0
0
0
0
1 2 17
0
0
1 0 19
0
0
0
0
0
0
0
0
0
0
0
0
0
0
0
0
0
0
0
0
0
0
0
0
0
0
0
0
0
0
0
0
0
0
0
0
0
0
0
0
0
0
0
0
0
0
0
0
0
0
0
0
0
0
0
0
0
0
1 8 10
0
0
2 11 12 11 10
0
0
1 15 10
1 14 8
0
1 15 7
0
0
1 15 11
0
0
0
0
0
0
0
0
0
0
0
1 8 12
0
0
0
0
0
0
0
0
0
0
0
0
0
0
0
0
0
0
0
0
0
0
1 0 3
1 2 2
1 0 1
1 0 0
0
0
0
0
0
0
0
0
0
0
0
0
0
0
0
0
0
0
0
0
0
0
0
0
0
0
0
0
0
0
0
0
0
0
0
0
0
0
0
0
0
0
0
0
0
0
0
0
0
0
0
0
0
0
0
0
0
0
0
0
0
0
0
0
0
0
0
1 3 17
0
0
0
0
0
0
0
0
0
0
0
0
0
0
0
0
0
0
0
0
0
0
0
0
0
0
0
0
0
0
0
0
0
0
0
0
0
0
0
0
0
1 19 19
0
0
0
0
0
0
1 15 16
1 14 16
0
0
1 14 17
0
0
1 15 17
0
0
0
0
0
0
0
0
0
0
0
0
0
0
0
0
0
0
0
0
0
0
0
0
0
0
0
0
0
0
0
0
0
0
0
0
0
0
0
0
0
0
0
0
0
0
0
0
0
0
2 10 13 8 13
0
0
0
0
0
0
0
0
0
0
0
0
0
0
0
0
0
0
0
0
0
0
0
0
0
0
0
0
0
0
0
0
0
0
0
0
0
0
0
0
0
0
0
0
0
0
0
0
0
0
0
0
0
0
0
0
0
0
0
0
0
0
0
0
0
0
0
0
0
0
0
0
0
0
0
0
0
0
0
0
0
0
0
0
0
0
0
0
0
0
0
0
0
0
0
0
0
0
0
0
0
0
0
0
0
0
0
0
0
0
0
0
0
0
0
0
0
0
0
0
0
0
0
0
0
0
0
0
0
0
0
0
0
0
0
0
1 11 7
0
0
0
0
0
0
0
0
0
0
0
0
0
0
0
0
0
0
0
0
0
0
0
0
0
0
0
0
0
0
0
0
0
0
0
0
0
0
0
0
0
0
0
0
0
0
0
0
0
0
0
0
0
0
0
0
0
0
0
0
0
0
0
0
0
0
0
0
0
0
0
0
0
0
0
0
0
0
0
0
0
0
0
0
0
0
0
0
0
0
0
0
0
0
0
0
0
0
0
0
0
0
0
0
0
0
0
0
0
0
0
0
0
0
0
0
0
0
0
0
0
0
0
0
0
0
0
0
0
0
0
0
0
0
0
0
0
0
0
0
0
0
0
0
0
0
0
0
0
0
0
0
0
0
0
0
0
0
0
2 7 15 7 13
0
0
0
0
0
0
0
0
0
0
0
0
0
0
0
0
0
0
0
0
0
0
0
0
0
0
0
0
0
0
0
