18 17 0 19 0 21 0 15 1 17 1 21 1 15 2 18 2 19 2 21 2 21 3 17 4 18 4 19 4 20 4 2 15 0 13 0 17
2 1 13 1 17
1 3 14
1 2 12
1 4 13
1 3 11
1 5 12
1 4 10
1 6 11
1 5 9
1 7 10
1 6 8
1 8 9
1 7 7
1 9 8
1 8 6
1 10 7
1 9 5
1 11 6
1 10 4
1 12 5
1 11 3
1 13 4
1 12 2
1 14 3
1 13 1
0
0
0
2 15 0 11 0
0
0
0
0
0
0
0
0
0
0
0
0
0
0
0
0
0
0
0
0
0
0
0
0
0
0
0
0
1 3 16
1 2 18
1 4 17
1 3 19
1 5 18
1 4 20
1 6 19
1 5 21
1 7 20
1 6 22
1 8 21
1 7 23
1 9 22
1 8 24
1 10 23
1 9 25
1 11 24
1 10 26
1 12 25
1 11 27
0
1 12 28
1 14 27
0
1 15 28
0
2 10 29 17 29
0
1 16 27
1 18 28
1 17 26
1 19 27
1 18 25
1 20 26
1 19 24
1 21 25
1 20 23
1 22 24
1 21 22
1 23 23
1 22 21
1 24 22
1 23 20
1 25 21
1 24 19
1 26 20
1 25 18
1 27 19
1 26 17
1 28 18
1 27 16
0
1 28 15
2 29 13 29 20
0
0
1 27 14
1 28 12
1 26 13
1 27 11
1 25 12
1 26 10
1 24 11
1 25 9
0
1 24 8
1 22 9
1 23 7
1 21 8
1 22 6
1 20 7
1 21 4
1 19 6
2 17 5 23 5
1 22 3
1 24 4
1 23 2
0
0
0
0
0
0
0
0
0
0
0
0
0
0
0
0
0
0
0
0
0
0
0
0
0
0
0
0
0
0
0
0
0
0
0
0
0
0
0
0
0
0
0
0
0
0
0
0
0
0
0
0
0
1 9 28
0
1 8 27
0
1 7 26
0
1 6 25
0
1 5 24
0
1 3 23
0
2 4 26 4 25
1 2 24
1 3 26
1 1 25
1 2 27
0
1 1 28
1 0 23
0
0
1 3 29
0
0
1 4 28
0
1 6 27
0
1 5 25
1 8 28
0
0
0
0
0
0
0
0
0
0
0
0
0
0
0
0
0
0
0
0
0
0
0
0
0
0
0
0
0
0
0
0
0
0
0
0
0
0
0
0
0
0
0
0
0
0
0
0
0
0
0
0
0
0
0
0
0
0
0
1 4 14
0
0
0
0
0
0
0
0
0
0
0
0
0
0
0
0
0
0
0
0
0
0
0
0
0
0
0
0
0
1 10 1
0
1 9 2
0
1 8 3
0
1 7 4
0
1 6 5
0
1 5 6
0
1 4 7
0
1 3 8
0
1 2 9
0
1 1 10
0
0
0
2 0 12 0 8
0
0
1 1 7
0
1 2 6
0
1 3 5
0
1 4 4
0
1 5 3
0
1 6 2
0
1 7 1
0
0
0
0
0
0
0
0
0
0
0
0
0
0
0
0
0
0
0
0
0
0
0
0
0
0
0
0
0
0
0
0
0
0
0
0
0
0
0
0
0
0
0
0
0
0
0
0
0
0
0
0
0
0
0
0
0
0
0
0
0
0
0
0
0
0
0
0
0
0
0
0
0
0
0
0
0
0
0
0
0
0
0
0
0
0
0
0
0
0
0
0
0
0
0
0
0
0
0
0
0
0
0
0
0
0
0
0
0
0
0
0
0
0
0
0
0
0
0
0
0
0
0
0
0
0
0
0
0
0
0
0
0
0
0
0
0
0
0
0
0
0
0
0
0
0
1 18 7
1 16 6
1 17 8
1 15 7
1 16 9
1 14 8
1 15 10
1 13 9
1 14 11
1 12 10
1 13 12
1 11 11
1 12 13
1 10 12
1 11 14
1 9 13
1 10 15
1 8 14
1 9 16
1 7 15
1 8 17
1 6 16
1 7 19
0
2 6 18 9 18
1 8 20
1 10 19
1 9 21
1 11 20
1 10 22
1 12 21
1 11 23
1 13 22
1 12 24
1 14 23
1 13 25
1 15 24
1 14 26
1 17 25
1 15 27
2 16 26 16 23
1 18 24
1 17 22
1 19 23
1 18 21
1 20 22
1 19 20
1 21 21
1 20 19
1 22 20
1 21 18
1 23 19
1 22 17
1 24 18
1 23 16
1 25 17
1 24 15
1 26 16
1 25 13
1 27 15
2 22 14 23 14
1 24 12
1 22 13
1 23 11
1 21 12
1 22 10
1 20 11
1 21 9
1 19 10
1 20 8
1 17 9
1 19 7
2 18 12 18 11
1 16 10
1 17 12
1 15 11
1 16 13
0
0
1 14 14
0
1 13 15
0
1 12 16
0
1 11 17
0
0
0
1 12 18
0
1 13 19
0
1 14 20
0
0
0
0
0
1 16 20
0
1 17 19
0
1 18 18
0
1 19 17
0
1 20 16
0
1 21 14
0
3 18 15 19 15 23 15
1 20 12
1 18 14
1 19 11
1 21 13
0
2 17 16 17 15
1 15 14
1 16 16
1 14 15
1 15 17
1 13 16
1 14 19
1 12 17
2 13 18 17 18
1 15 20
1 16 19
0
0
0
0
0
0
0
0
0
0
0
0
0
0
0
0
0
0
0
0
0
0
0
0
0
0
0
0
0
0
0
0
0
0
0
0
0
0
0
0
0
0
0
0
0
0
0
0
0
0
0
0
0
0
0
0
0
0
0
0
0
0
0
0
0
0
0
0
0
0
0
0
0
0
0
0
0
0
0
0
0
0
0
0
0
0
0
0
0
0
0
0
0
0
0
0
0
0
0
0
0
0
0
0
0
1 5 14
0
1 3 15
1 6 12
0
1 7 12
1 5 13
1 8 10
0
1 9 10
1 7 11
1 10 8
0
1 11 8
1 9 9
1 12 6
0
1 13 6
1 11 7
1 14 4
0
1 15 4
1 13 5
1 16 0
0
1 15 3
0
0
0
1 20 0
0
1 23 1
0
0
0
0
0
0
0
0
0
0
0
0
0
0
0
0
0
0
0
0
0
0
0
0
0
0
0
0
0
0
0
0
0
0
0
0
0
0
0
0
0
0
0
0
0
0
0
0
0
0
0
0
0
0
0
0
0
0
0
1 22 2
0
0
1 25 3
1 24 1
1 26 2
0
1 27 1
0
1 29 0
0
1 28 2
0
1 29 4
0
1 26 3
1 28 5
1 27 5
1 25 4
1 26 6
1 24 5
1 25 8
1 23 6
2 24 7 27 7
1 26 9
1 28 8
1 27 10
0
1 28 11
2 29 5 29 12
0
0
0
0
0
0
0
0
0
0
0
0
0
0
0
0
0
0
0
0
0
0
0
0
0
0
0
0
0
0
0
0
0
0
0
0
0
0
0
0
0
0
0
0
0
0
0
0
0
0
0
0
0
0
0
0
0
0
0
0
0
0
0
0
0
0
0
0
0
0
0
0
0
0
0
0
0
0
0
0
0
0
0
0
0
0
0
0
0
0
0
0
0
0
0
0
0
0
0
0
0
0
0
0
0
0
1 1 22
0
1 2 21
0
0
0
0
0
0
0
0
0
0
0
0
0
0
0
0
0
0
0
0
0
0
0
0
0
0
0
0
0
0
0
0
0
0
0
0
0
0
0
0
0
0
0
0
0
0
0
0
0
0
0
0
0
0
0
0
0
0
0
0
0
0
0
1 28 21
0
1 27 22
0
1 26 23
0
1 25 24
0
1 24 25
0
1 23 26
0
1 22 27
0
1 21 28
0
0
0
2 18 29 23 29
0
0
1 24 28
0
1 25 27
0
1 26 26
0
1 27 25
0
1 28 24
0
0
0
2 29 21 29 26
0
0
1 28 27
0
1 27 28
0
0
0
2 24 29 29 29
0
0
0
0
0
0
0
0
0
0
0
0
0
0
0
0
0
0
0
0
0
0
0
0
0
0
0
0
0
0
0
0
0
0
0
0
0
0
0
0
0
0
0
0
0
0
0
0
0
0
0
0
0
0
0
0
0
0
0
0
0
0
0
0
0
0
0
0
0
0
0
0
0
0
0
0
0
0
0
0
0
0
0
0
0
0
0
0
0
0
0
0
0
0
0
0
0
0
0
0
0
0
0
0
0
0
0
0
0
0
0
0
0
0
0
0
0
0
0
0
0
0
0
0
0
0
0
0
0
0
0
0
0
0
0
0
0
0
0
0
0
0
0
0
0
0
0
0
0
0
0
0
0
0
0
0
0
0
0
0
0
0
0
0
0
0
0
0
0
0
0
0
0
0
0
0
0
0
0
0
0
0
0
0
0
0
0
0
0
0
0
0
0
0
0
0
0
0
0
0
0
0
0
0
0
0
0
0
0
0
0
0
0
0
0
0
0
0
0
0
0
0
0
0
0
0
0
0
0
0
0
0
0
0
0
0
0
0
0
0
0
0
0
0
0
0
0
0
0
0
0
0
0
0
0
0
0
0
0
0
0
0
0
0
0
0
0
0
0
0
0
0
0
0
0
0
0
0
0
0
0
0
0
0
0
0
0
0
0
0
0
0
0
0
0
0
0
0
0
0
0
0
0
0
0
0
0
0
0
0
0
0
0
0
0
0
0
0
0
0
0
0
0
0
0
0
0
0
0
0
0
0
0
0
0
0
0
0
0
0
0
0
0
0
0
0
0
0
0
0
0
0
0
0
0
0
0
0
0
0
0
0
0
0
0
0
0
0
0
0
0
0
0
0
0
0
0
0
0
0
0
0
0
0
0
0
0
0
0
0
0
0
0
0
0
0
0
0
0
0
0
0
0
0
0
0
0
0
0
0
0
0
0
0
0
0
0
0
0
0
0
0
0
0
0
0
0
0
0
0
0
0
0
0
0
0
0
0
0
0
0
0
0
0
0
0
0
0
0
0
0
0
0
0
0
0
0
0
0
0
0
0
0
0
0
0
0
0
0
0
0
0
0
0
0
0
0
0
0
0
0
0
0
0
0
0
0
0
0
0
0
0
0
0
0
0
0
0
0
0
0
0
0
0
0
0
0
0
0
0
0
0
0
0
0
0
0
0
0
0
0
0
0
0
0
0
0
0
0
0
0
0
0
0
0
0
0
0
0
0
0
0
0
0
0
0
0
0
0
0
0
0
0
0
0
0
0
0
0
0
0
0
0
0
0
0
0
0
0
0
0
0
0
0
0
0
0
0
0
0
0
0
0
0
0
0
0
0
0
0
0
0
0
0
0
0
0
0
0
0
0
0
0
0
0
0
0
0
0
0
0
0
0
0
0
0
0
0
0
0
0
0
0
0
0
0
0
0
0
0
0
0
0
0
0
0
0
0
0
0
0
0
0
0
0
0
0
0
0
0
0
0
0
0
0
0
0
0
0
0
0
0
0
0
0
0
0
0
0
0
0
0
0
0
0
0
0
0
0
0
0
0
0
0
0
0
0
0
2 5 0 10 0
0
0
1 4 1
0
1 3 2
0
1 2 3
0
1 1 4
0
0
0
2 0 2 0 7
0
0
1 1 1
0
0
0
1 4 0
0
0
0
0
0
0
0
0
0
0
0
0
0
0
0
0
0
0
0
0
0
0
0
0
0
0
0
0
0
0
0
0
0
0
0
0
0
0
0
0
0
0
0
0
0
0
0
0
0
0
0
0
0
0
0
0
0
0
0
0
0
0
0
0
0
0
0
0
0
0
0
0
0
0
0
0
0
0
0
0
0
0
0
0
0
0
0
0
0
0
0
0
0
0
0
0
0
0
0
0
0
0
0
0
0
0
0
0
0
0
0
0
0
0
0
0
0
0
0
0
0
0
0
0
0
0
0
0
0
0
0
0
0
0
0
0
0
0
0
0
0
0
0
0
0
0
0
0
1 1 20
0
0
0
2 0 18 0 22
0
0
0
0
0
0
0
0
0
0
0
0
0
0
0
0
0
0
0
0
0
0
0
0
0
0
0
0
0
0
0
0
0
0
0
0
0
0
0
0
0
0
0
0
0
0
0
0
0
0
0
0
0
0
0
0
0
0
0
0
0
0
0
0
0
0
0
0
0
0
0
0
0
0
0
0
0
0
0
0
0
0
0
0
0
0
0
0
0
0
0
0
0
0
0
0
0
0
0
0
0
0
0
0
0
0
0
0
0
0
0
0
0
0
0
0
0
0
0
0
0
0
0
0
0
0
0
0
0
0
0
0
0
0
0
0
0
0
0
0
0
0
0
0
0
0
0
0
0
0
0
0
0
0
0
0
0
0
0
0
0
0
0
0
0
0
0
0
0
0
0
0
0
0
0
0
0
0
0
0
0
0
0
0
0
0
0
0
0
1 7 27
2 9 29 4 29
0
0
0
0
0
0
0
0
0
0
0
0
0
0
0
0
0
0
0
0
0
0
0
0
0
0
0
0
0
0
0
0
0
0
0
0
0
0
0
0
0
0
0
0
0
0
0
0
0
0
0
0
0
0
0
0
0
0
0
0
0
0
0
0
0
0
0
0
0
0
0
0
0
0
0
0
0
0
0
0
0
0
0
0
0
0
0
0
0
0
0
0
0
0
0
0
0
0
0
0
0
0
0
0
0
0
0
0
0
0
0
0
0
0
0
0
0
0
0
0
0
0
0
0
0
0
0
0
0
0
0
0
0
0
0
0
0
0
0
0
0
0
0
0
0
0
0
0
0
0
0
0
0
0
0
0
0
0
0
0
0
0
0
0
0
0
0
0
0
0
0
0
0
0
0
0
0
0
0
0
0
0
0
0
0
0
0
0
0
0
0
0
0
0
0
0
0
0
0
0
0
0
0
0
0
0
0
0
0
0
0
0
0
0
0
0
0
0
0
0
0
0
0
0
0
0
0
0
0
0
0
0
0
0
0
0
0
0
0
0
0
0
0
0
0
0
0
0
0
0
0
0
0
0
0
0
0
0
0
0
0
0
0
0
0
0
0
0
0
0
0
0
0
0
0
0
0
0
0
0
0
0
0
0
0
0
0
0
0
0
0
0
0
0
0
0
0
0
0
0
0
0
0
0
0
0
0
0
0
0
0
0
0
0
0
0
0
0
0
0
0
0
0
0
0
0
0
0
0
0
0
0
0
0
0
0
0
0
0
0
0
0
0
0
0
0
0
0
0
0
0
0
0
0
0
0
0
0
0
0
0
0
0
0
0
0
0
0
0
0
0
0
0
0
0
0
0
0
0
0
0
0
0
0
0
0
0
0
0
0
0
0
0
0
0
0
0
0
0
0
0
0
0
0
0
0
0
0
0
0
0
0
0
0
0
0
0
0
0
0
0
0
0
0
0
0
0
0
0
0
0
0
0
0
0
0
0
0
0
0
0
0
0
0
0
0
0
0
0
0
0
0
0
0
0
0
0
0
0
0
0
0
0
0
0
0
0
0
0
0
0
0
0
0
0
0
0
0
0
0
0
0
0
0
0
0
0
0
0
0
0
0
0
0
0
0
0
0
0
0
0
0
0
0
0
0
0
0
0
0
0
0
0
0
0
0
0
0
0
0
0
0
0
0
0
0
0
0
0
0
0
0
0
0
0
0
0
0
0
0
0
0
0
0
0
0
0
0
0
0
0
0
0
0
0
0
0
0
0
0
0
0
0
0
0
0
0
0
0
0
0
0
0
0
0
0
0
0
0
0
0
0
0
0
0
0
0
0
0
0
0
0
0
0
0
0
0
0
0
0
0
0
0
0
0
0
0
0
0
0
0
0
0
0
0
0
0
0
0
0
0
0
0
0
0
0
0
0
0
0
0
0
0
0
0
0
0
0
0
0
0
0
0
0
0
0
0
0
0
0
0
0
0
0
0
0
0
0
0
0
0
0
0
0
0
0
0
0
0
0
0
0
0
0
0
0
0
0
0
0
0
0
0
0
0
0
0
0
0
0
0
0
0
0
0
0
0
0
0
0
0
0
0
0
0
0
0
0
0
0
0
0
0
0
0
0
0
0
0
0
0
0
0
0
0
0
0
0
0
0
0
0
0
0
0
0
0
0
0
0
0
0
0
0
0
0
0
0
0
0
0
0
0
0
0
0
0
0
0
0
0
0
0
0
0
0
0
0
0
