19 23 23 24 24 23 22 23 21 24 20 25 20 24 23 24 22 24 21 21 23 21 22 21 21 23 18 21 20 21 19 22 18 2 13 0 11 0 15
2 1 11 1 15
0
1 2 16
1 4 15
0
1 5 16
0
0
0
0
0
0
0
0
1 2 10
2 3 13 3 11
2 4 13 4 11
2 5 13 5 11
0
0
2 7 10 5 10
2 7 9 5 9
2 7 8 5 8
2 7 7 5 7
1 5 6
1 5 5
2 7 4 5 4
2 7 3 5 3
2 7 2 5 2
2 7 1 5 1
0
0
0
1 9 2
1 11 1
1 10 3
1 12 2
1 11 4
1 13 3
1 12 5
1 14 4
1 13 6
1 15 5
1 14 7
1 16 6
1 15 8
0
0
1 17 8
1 19 6
1 18 4
2 16 5 20 5
0
0
0
0
0
0
2 18 3 16 3
2 18 2 16 2
0
0
1 19 2
1 22 0
0
1 21 2
0
1 22 3
1 23 0
0
0
0
1 22 7
1 21 5
0
0
0
1 23 8
2 24 7 24 5
0
0
0
0
0
1 23 11
1 21 10
0
0
0
0
0
0
0
1 24 13
1 22 12
0
1 21 13
0
0
0
0
0
0
0
0
0
0
0
1 23 17
1 21 16
0
1 20 17
0
1 19 18
1 20 20
0
1 19 21
1 17 20
1 18 22
1 16 21
0
0
1 16 24
1 14 23
0
1 13 24
0
2 11 25 18 25
0
1 12 23
1 10 24
0
1 9 23
1 10 21
1 8 22
0
1 7 21
1 8 19
1 6 20
1 7 18
1 5 19
1 6 16
1 1 18
0
1 4 19
0
0
1 0 19
1 3 20
1 1 23
0
1 2 22
1 0 25
0
1 2 24
0
1 4 25
0
1 3 22
1 5 24
1 4 22
2 2 23 7 23
1 5 20
1 6 22
1 9 24
0
1 8 23
0
0
0
0
0
0
0
0
0
0
0
0
0
0
0
0
0
0
0
0
0
0
0
0
0
0
1 9 17
0
1 8 18
1 10 16
1 9 13
1 7 15
0
1 10 12
2 11 15 11 13
2 12 15 12 13
2 13 15 13 13
2 14 15 14 13
2 15 15 15 13
1 16 13
1 17 15
0
2 18 12 16 12
1 18 11
0
2 15 12 15 10
2 14 12 14 10
1 13 12
1 11 10
0
0
0
2 14 8 12 8
0
0
1 11 6
0
0
0
0
1 8 3
0
0
0
0
0
0
0
0
0
0
0
0
0
0
0
0
0
0
0
0
0
0
0
0
0
0
0
0
0
0
0
0
0
0
0
0
0
0
0
0
0
0
0
0
0
0
0
0
0
0
0
0
0
0
0
0
0
0
0
0
0
0
0
0
0
0
0
0
0
0
0
0
0
0
0
0
0
0
0
0
0
0
0
0
0
0
0
1 15 18
1 14 17
0
1 12 17
0
0
1 12 18
0
0
0
0
2 12 21 12 19
1 13 19
1 14 21
1 15 19
0
0
0
0
0
0
0
0
0
0
0
0
0
0
0
0
0
0
0
0
0
0
0
0
0
0
0
1 18 10
1 16 9
0
1 19 8
0
0
0
0
0
0
0
0
0
0
0
0
0
0
0
0
0
0
0
0
0
0
0
0
0
0
0
0
0
0
0
0
0
0
0
0
0
0
0
0
0
0
0
0
0
0
0
0
0
0
0
0
0
0
0
0
0
0
0
0
0
0
0
0
0
0
0
0
0
0
0
0
0
0
0
0
0
0
0
0
0
0
0
0
0
0
0
0
0
0
0
0
0
0
0
0
0
0
0
0
0
0
0
0
0
0
0
0
0
1 4 3
0
0
0
0
0
0
0
0
1 3 4
0
1 2 5
0
1 1 6
0
0
0
1 2 7
1 1 9
0
0
0
0
0
0
0
0
0
0
0
0
0
0
0
0
0
0
0
0
0
0
0
0
0
0
0
0
0
0
0
0
0
0
0
0
0
0
0
0
0
0
0
0
0
0
0
0
0
0
0
0
0
0
0
0
0
0
0
0
0
0
0
0
0
0
0
0
0
0
0
0
0
0
0
0
0
0
0
0
0
0
0
0
0
0
0
0
0
0
0
0
0
0
0
0
0
0
0
0
0
0
0
0
0
0
0
0
0
0
0
0
0
0
0
0
0
0
0
0
0
0
0
0
0
0
0
0
0
0
0
0
0
0
0
0
0
0
0
0
0
0
0
0
0
0
0
0
0
0
0
0
0
0
0
0
0
0
0
0
0
0
0
0
0
0
0
0
0
0
0
0
0
0
0
0
0
0
0
0
0
0
0
0
0
0
0
0
0
0
0
0
0
0
0
0
0
0
0
0
0
0
0
0
1 4 8
0
0
0
0
0
0
0
0
0
0
0
0
0
0
0
0
0
0
0
0
0
0
0
0
0
0
0
0
0
0
0
0
0
0
0
0
0
0
0
0
0
0
0
0
0
0
0
0
0
0
0
0
0
0
0
0
0
0
0
0
0
0
0
0
0
0
0
0
0
0
0
0
0
0
0
0
0
0
0
0
0
0
0
0
0
0
0
0
0
0
0
0
0
0
0
0
0
0
0
0
0
0
0
0
0
0
0
0
0
0
0
0
0
0
0
0
0
0
0
0
0
0
0
0
0
0
0
0
0
0
1 20 11
0
1 20 15
0
0
1 19 17
0
1 20 16
0
0
0
0
0
0
0
0
0
0
0
0
0
0
0
0
0
0
0
0
0
0
0
0
0
0
1 6 15
0
0
0
0
0
0
0
0
0
0
0
0
0
0
0
0
0
0
0
0
0
0
0
0
0
0
0
0
0
1 6 21
0
0
0
0
0
0
0
0
0
0
0
0
0
0
0
0
0
0
0
0
0
0
0
0
0
0
0
0
0
0
0
0
0
0
0
0
0
0
0
0
0
0
0
0
0
0
0
0
0
1 25 21
0
