65 12 27 11 26 11 28 9 27 10 26 9 29 7 28 8 27 7 29 7 30 9 30 7 31 9 31 9 32 5 32 14 27 14 26 14 25 14 24 13 23 12 22 11 21 10 21 9 21 8 21 7 21 6 21 5 21 4 21 3 21 2 21 1 21 0 21 12 28 14 28 12 26 11 23 11 25 12 29 14 29 12 23 10 23 10 25 11 31 12 30 14 30 9 23 5 27 7 27 12 31 14 31 8 23 8 25 5 26 5 28 7 23 7 25 5 25 5 29 5 24 6 23 5 30 2 16 0 14 0 18
2 1 14 1 18
1 3 17
1 2 19
1 4 18
0
1 5 19
0
1 0 20
0
0
1 1 23
0
0
0
1 6 18
0
0
0
0
0
1 2 13
1 3 12
2 4 16 4 14
1 5 14
1 6 12
2 7 16 7 14
2 8 16 8 14
2 9 18 9 12
2 10 16 10 14
1 11 16
2 12 18 12 12
1 14 16
2 13 17 11 17
0
0
0
0
0
0
2 10 17 8 17
0
0
0
0
0
0
1 7 17
0
0
0
0
0
0
0
0
1 13 14
0
2 15 18 15 12
1 17 16
2 16 17 14 17
0
1 16 14
0
1 17 13
2 18 18 18 12
1 20 16
2 19 17 17 17
0
1 19 14
0
1 20 13
2 21 18 21 12
1 23 16
2 22 17 20 17
0
1 22 14
0
1 23 13
2 24 18 24 12
1 26 16
2 25 17 23 17
0
1 25 14
0
1 26 13
1 28 14
0
0
0
0
0
0
0
0
0
1 22 13
0
0
0
0
0
0
1 19 13
0
0
0
0
0
0
0
0
0
2 13 13 11 13
0
0
0
0
0
0
2 10 13 8 13
0
0
0
0
0
0
2 7 13 5 13
0
0
0
0
0
0
0
1 4 11
0
1 5 10
1 7 11
1 6 9
1 8 10
1 7 8
1 9 9
1 8 7
1 10 8
1 9 5
0
2 12 6 6 6
1 10 4
2 11 7 11 5
0
1 9 3
1 8 5
1 7 7
1 5 5
1 6 4
1 8 2
0
0
0
1 5 3
2 10 2 4 2
2 8 1 6 1
1 6 0
0
1 9 2
0
1 11 2
1 12 2
1 13 2
1 14 2
1 15 2
1 16 2
1 17 2
1 18 2
1 19 2
1 20 2
1 21 2
1 22 2
1 23 2
1 24 2
0
1 26 2
1 27 2
1 28 2
1 29 2
1 30 2
1 31 2
1 32 4
0
0
1 30 3
1 31 5
1 29 4
1 30 7
0
1 27 6
1 29 8
2 28 7 28 5
0
1 30 9
1 31 7
1 32 5
0
1 30 8
1 31 10
0
0
0
1 30 11
1 31 13
1 29 12
1 30 14
0
0
0
0
0
0
0
0
1 31 16
0
1 30 17
1 27 16
1 29 18
2 28 17 28 15
0
0
0
0
0
0
0
1 31 19
0
1 30 20
1 28 19
1 29 21
1 27 20
1 28 22
1 26 21
1 27 23
1 25 22
1 26 24
1 24 23
1 25 25
1 23 24
1 24 26
1 22 25
1 23 27
1 21 26
1 22 28
1 20 27
1 21 29
1 19 28
1 20 30
1 18 29
1 19 31
1 17 30
1 18 32
0
0
1 16 30
0
0
1 16 29
1 16 28
1 18 27
1 16 26
1 16 25
1 18 24
2 16 23 14 23
1 16 22
2 18 21 12 21
1 14 19
1 13 22
1 11 20
0
1 9 19
0
1 10 18
1 7 20
0
0
0
0
1 6 20
0
0
0
0
0
0
0
0
0
0
0
0
0
0
0
0
0
0
0
0
0
0
0
0
0
0
0
0
0
0
0
0
0
0
0
0
0
0
0
0
0
0
0
0
0
0
0
0
0
0
0
0
0
0
0
0
0
1 3 27
0
0
1 3 30
0
0
2 4 32 4 30
1 3 32
1 2 28
1 0 30
1 3 29
1 1 27
0
0
0
1 3 26
1 1 24
1 2 24
0
1 3 23
1 4 24
0
0
0
0
0
0
1 11 22
0
0
0
0
0
0
0
0
0
0
0
0
0
0
0
0
0
0
0
0
0
0
0
0
0
0
0
0
0
0
0
0
0
0
0
0
0
0
0
0
0
0
0
0
0
0
0
0
0
0
0
0
0
0
0
0
0
0
0
0
0
0
0
0
0
0
0
0
0
0
0
0
0
0
0
0
0
0
0
0
0
0
1 27 10
2 24 11 29 11
1 26 9
1 25 8
1 23 10
1 24 8
1 22 9
1 23 7
1 21 8
1 22 6
1 20 7
1 21 5
1 19 6
1 20 4
1 18 5
1 19 3
0
0
0
0
0
0
0
0
0
0
0
0
0
0
0
1 30 10
2 29 9 27 9
0
0
0
1 24 7
0
0
0
2 27 5 25 5
1 23 4
0
0
0
0
0
0
0
0
0
0
0
0
0
0
0
0
0
0
0
0
0
0
0
0
0
0
0
0
0
0
0
0
1 31 22
0
0
0
1 29 24
0
1 28 25
0
1 27 26
0
1 26 27
0
0
0
0
0
0
0
0
0
0
0
0
0
0
1 31 25
0
1 30 26
0
1 29 27
0
1 28 28
0
1 27 29
1 25 28
1 26 30
0
1 25 31
1 23 30
1 24 32
1 22 31
0
1 20 32
0
0
0
0
0
0
0
0
0
0
0
0
0
0
0
0
0
0
0
0
0
0
0
0
0
0
0
0
0
0
0
0
0
0
0
0
0
0
0
0
0
0
0
0
0
0
0
0
0
0
0
0
0
0
0
0
0
0
0
0
0
0
0
0
0
0
0
0
0
1 17 4
0
1 15 3
0
0
1 14 4
1 15 6
2 12 5 17 5
1 14 7
1 13 8
1 11 4
0
0
0
0
0
0
1 18 6
1 17 8
2 15 7 19 7
1 18 9
1 20 8
1 19 10
0
0
0
0
0
0
1 14 8
2 17 9 15 9
2 17 10 15 10
1 13 11
0
1 18 10
0
1 20 12
0
0
1 23 12
0
0
0
0
0
0
0
0
0
0
0
0
0
0
0
0
0
0
0
0
0
0
0
0
0
0
0
0
0
0
0
0
0
0
0
0
0
0
0
0
0
0
0
0
0
0
0
0
0
0
0
0
0
0
0
0
0
0
0
0
0
0
0
0
0
0
0
0
0
0
0
0
0
0
0
0
0
0
0
0
0
0
0
0
0
0
0
0
0
0
0
1 2 2
1 1 2
1 0 4
0
0
1 2 3
1 1 5
1 5 4
1 2 6
1 3 5
0
0
1 2 7
0
0
0
0
0
0
0
0
0
0
0
0
0
0
0
0
0
0
0
0
0
0
0
0
0
0
0
0
0
0
0
0
0
0
0
0
0
0
0
0
0
0
0
0
0
0
0
0
0
0
0
0
0
0
0
0
0
0
0
0
0
0
0
0
0
0
0
0
0
0
0
0
0
0
0
0
0
0
0
0
0
0
0
0
0
0
0
0
0
0
0
0
0
0
0
0
0
0
0
1 17 26
0
0
0
0
0
0
2 17 25 17 23
0
0
0
0
0
1 16 19
1 17 22
0
0
1 19 23
1 21 21
1 20 22
0
0
0
0
0
0
0
0
0
0
0
0
0
0
0
0
0
0
0
0
0
0
0
0
0
0
0
0
0
0
0
0
0
0
0
0
0
0
0
0
0
0
0
0
0
0
0
0
0
0
0
0
0
0
0
0
0
0
0
0
0
0
0
0
0
0
0
0
0
0
0
0
0
0
0
0
0
0
0
0
0
0
0
0
0
0
0
0
0
0
0
1 14 10
0
0
0
0
0
0
0
0
0
0
0
0
0
0
0
0
0
0
0
0
0
0
0
0
0
0
0
0
0
0
0
0
0
0
0
0
0
0
0
0
0
0
0
0
0
0
0
0
0
0
0
0
0
1 31 28
0
1 30 27
0
1 30 29
1 31 31
0
0
0
0
0
0
0
0
0
0
0
0
0
0
0
0
0
0
0
0
0
0
0
0
0
0
0
0
0
0
0
0
0
0
0
0
0
0
0
0
0
0
0
0
0
0
0
0
0
0
0
0
0
0
0
0
0
0
0
0
0
0
0
0
0
0
0
0
0
0
0
0
0
0
0
0
0
0
0
0
0
0
0
0
0
0
0
0
0
0
0
0
0
0
0
0
0
0
0
0
0
0
0
0
0
0
0
0
0
0
0
0
0
0
0
0
0
0
0
0
0
0
0
0
0
0
0
0
0
0
0
0
0
0
0
0
0
0
0
0
0
0
0
0
0
0
0
1 20 19
1 21 19
1 22 23
2 23 21 23 19
2 24 21 24 19
0
1 26 19
0
0
0
0
0
0
0
0
0
0
0
0
0
0
0
0
0
0
0
0
0
0
0
0
0
0
0
0
0
0
0
0
0
0
0
0
0
0
0
0
0
0
0
0
0
0
0
0
0
0
0
0
0
0
0
0
0
0
0
0
0
0
0
0
0
0
0
0
0
0
0
0
0
0
0
0
0
0
0
0
0
0
0
0
0
0
0
0
0
0
0
0
1 12 9
0
1 11 10
0
1 10 12
0
0
0
0
0
0
0
0
0
0
0
0
0
0
0
0
0
0
0
0
0
0
0
0
0
0
0
0
0
0
0
0
0
0
0
0
0
0
0
0
0
0
0
0
0
0
0
0
0
0
0
0
0
0
0
0
0
0
0
0
0
0
0
0
0
0
0
0
0
0
0
0
0
0
0
0
0
0
0
0
0
0
0
0
0
0
0
0
0
0
0
0
0
0
0
0
0
0
0
0
0
0
0
0
0
0
0
0
0
0
0
0
0
0
0
0
0
0
0
0
