127 20 20 21 21 22 22 23 22 24 20 24 22 26 21 25 22 26 20 24 19 26 19 24 18 26 18 24 17 26 17 24 16 26 16 24 15 26 15 24 14 26 14 24 13 26 13 24 12 26 12 24 11 24 10 24 9 25 8 27 9 27 8 25 7 25 6 27 6 25 5 27 5 25 4 27 4 27 3 25 2 27 2 25 1 27 1 25 0 29 0 18 20 18 19 18 18 18 17 18 16 18 15 18 14 18 13 18 12 18 11 17 11 18 10 18 9 19 8 20 19 18 21 19 22 20 23 21 24 23 24 20 16 24 24 20 15 25 24 20 14 26 22 26 24 28 20 20 13 27 24 30 21 28 19 30 19 20 12 28 22 28 24 30 22 28 18 30 18 21 10 20 11 30 23 30 17 21 9 30 16 27 15 23 8 20 7 30 15 29 14 27 14 23 7 27 13 29 13 21 6 23 6 27 12 29 12 21 5 27 11 29 11 21 4 23 4 27 10 21 3 23 3 21 2 21 1 23 1 31 7 28 6 31 6 30 5 28 5 28 4 30 4 30 3 30 2 29 1 2 16 0 14 0 18
1 1 18
1 3 15
1 2 13
1 4 14
1 3 12
1 5 13
1 4 11
1 6 12
0
0
0
0
0
0
0
0
0
1 4 17
1 2 19
1 3 18
1 5 16
0
1 6 15
0
1 7 14
0
1 8 13
1 7 11
1 9 12
0
1 10 11
1 9 9
1 11 10
1 10 8
1 12 9
1 11 7
1 13 8
1 12 6
0
1 13 5
1 15 6
1 14 4
1 16 5
1 15 3
1 17 4
1 16 2
1 18 3
1 17 1
1 19 2
0
0
0
1 20 4
0
0
1 19 6
0
1 18 6
1 20 5
1 17 8
0
1 16 8
1 19 7
1 15 9
0
0
0
0
1 17 10
1 16 11
1 14 12
0
0
0
1 15 11
0
0
0
0
0
0
0
0
1 11 14
0
0
1 12 15
1 14 14
1 13 16
1 15 15
1 14 17
1 16 16
1 15 18
0
1 16 19
0
0
1 16 15
1 16 14
0
0
0
0
0
0
1 14 19
0
0
1 14 22
0
2 15 23 15 21
0
0
1 19 23
1 18 24
2 20 25 14 25
1 16 27
2 15 26 15 24
0
0
1 19 26
1 18 27
0
1 16 30
2 15 29 15 27
0
0
0
1 18 30
0
0
0
0
0
2 12 32 12 30
1 11 28
1 10 32
0
0
1 12 29
0
2 9 30 9 28
1 8 30
1 7 26
2 6 30 6 28
0
0
1 8 27
0
2 5 28 5 26
2 4 28 4 26
2 3 30 3 24
0
2 4 25 2 25
0
1 2 28
0
0
1 0 30
0
0
0
0
0
1 3 23
1 1 21
1 2 21
1 5 22
1 3 19
1 4 21
0
0
1 2 20
0
2 5 21 5 19
2 6 21 6 19
2 7 23 7 17
2 8 21 8 19
1 9 19
1 10 17
1 11 19
0
0
2 11 18 9 18
0
0
0
2 12 21 12 19
1 13 23
0
0
0
0
0
0
0
0
0
0
0
0
0
0
0
0
0
0
0
0
0
1 8 18
0
0
0
0
0
0
0
0
0
0
0
0
0
0
0
0
0
0
0
0
0
0
0
0
0
0
0
0
0
0
0
0
0
0
0
1 6 24
0
0
0
0
0
1 10 26
0
0
1 8 31
0
0
0
0
0
0
1 18 32
2 19 32 19 30
0
2 21 32 21 30
2 22 32 22 30
0
1 25 30
0
0
0
0
0
1 25 28
0
0
0
0
0
0
0
1 26 28
2 27 32 27 30
0
0
2 27 29 25 29
0
0
0
1 28 32
1 30 30
1 31 29
2 29 28 27 28
2 29 27 27 27
1 31 26
0
1 26 27
0
0
0
0
0
0
0
0
1 30 25
0
0
0
0
0
0
0
0
0
0
1 32 31
0
0
0
1 31 23
0
0
0
0
0
0
0
0
0
0
0
0
1 31 16
0
0
0
0
1 30 14
1 31 12
0
1 30 10
0
0
1 31 9
0
1 32 2
0
0
0
0
0
0
0
0
0
1 31 0
0
1 32 1
0
0
0
0
0
0
0
0
0
0
0
0
0
0
0
0
0
0
0
0
0
0
0
0
0
0
0
0
0
0
0
0
0
0
0
0
0
0
0
0
0
0
0
0
0
0
0
0
0
0
0
0
0
0
0
0
0
0
0
1 21 27
0
0
0
0
0
0
0
0
0
0
0
0
0
0
0
0
0
0
0
0
0
0
0
0
0
0
0
0
0
0
0
0
0
0
0
0
0
0
0
0
0
0
0
0
0
0
0
0
0
0
0
0
0
0
0
0
0
0
0
0
0
0
0
0
0
0
0
0
0
0
0
1 13 0
0
0
0
1 14 2
1 12 1
1 13 4
1 10 2
0
0
1 9 3
1 10 5
2 8 4 12 4
1 9 6
1 7 5
1 8 7
1 6 6
0
0
1 6 11
1 4 8
0
1 3 9
0
0
0
0
0
0
0
0
0
0
0
0
0
0
0
0
0
0
0
0
0
0
0
0
0
1 22 10
0
0
0
0
0
0
0
0
0
0
0
0
0
0
0
0
0
0
0
0
0
0
0
0
0
0
0
0
0
0
0
0
0
0
0
0
0
0
0
0
0
0
0
0
0
0
0
0
0
0
0
0
0
0
0
0
0
0
0
0
0
0
0
0
0
0
0
0
0
0
0
0
0
0
0
0
0
0
0
0
0
0
0
0
0
0
0
0
0
0
0
0
0
0
0
0
0
0
0
0
0
0
0
1 5 24
0
0
0
0
0
0
0
0
0
0
2 8 22 6 22
0
0
0
0
0
0
2 11 22 9 22
0
0
0
0
0
0
0
1 12 24
0
1 11 26
1 9 24
0
0
0
0
0
0
0
0
0
0
0
0
0
0
0
0
0
0
0
0
0
0
0
0
0
0
0
0
0
0
0
1 2 32
0
0
0
0
0
0
0
0
0
0
0
0
0
0
0
0
0
0
0
0
0
0
0
0
0
0
0
0
0
0
0
0
0
0
0
0
0
0
0
0
0
0
0
0
0
0
0
0
0
0
0
0
0
0
0
0
0
0
0
0
0
0
0
0
0
0
0
0
0
0
0
0
0
0
0
0
0
0
0
0
0
0
0
0
0
0
0
0
0
0
0
0
0
0
0
0
0
0
0
0
1 23 12
0
0
0
0
0
0
1 22 14
0
1 22 17
0
0
0
0
0
0
0
0
0
0
0
0
0
0
0
0
0
0
0
0
0
0
0
0
0
0
0
0
0
0
0
0
0
0
0
0
0
0
0
0
0
0
0
0
0
0
0
0
0
0
0
1 22 25
0
0
0
0
0
0
0
0
0
0
0
0
0
0
0
0
0
0
0
0
1 27 18
0
0
0
0
0
0
0
0
0
0
0
0
0
0
0
0
0
0
0
0
0
0
0
0
0
0
0
0
0
0
0
0
0
0
0
0
0
0
0
0
0
0
0
0
0
0
0
0
0
0
0
0
0
0
0
0
0
0
0
0
0
0
0
0
0
0
0
0
0
0
0
0
0
0
0
0
0
0
0
0
0
0
0
0
0
0
0
0
0
0
0
0
0
0
0
0
0
0
0
0
0
0
0
0
0
0
0
0
0
0
0
0
0
0
0
0
0
0
0
0
0
0
0
0
0
0
0
0
0
0
0
0
0
0
0
0
0
0
0
0
0
0
0
0
0
0
0
0
0
0
0
0
0
0
0
0
0
0
0
1 1 10
0
1 2 7
0
0
0
0
0
0
1 1 9
1 3 8
1 1 6
0
0
0
1 2 5
0
0
0
0
0
0
0
0
0
0
0
0
0
0
0
0
0
0
0
0
0
0
0
0
0
0
0
0
0
0
0
0
0
0
0
0
0
0
0
0
0
0
0
0
0
0
0
0
0
0
0
0
0
0
0
0
0
0
0
0
0
0
0
0
0
0
0
0
0
0
0
0
0
0
0
0
0
0
0
0
0
0
0
0
0
0
0
0
0
0
0
0
0
0
0
0
0
0
0
0
0
0
0
0
0
0
0
0
0
0
0
0
0
0
0
0
0
0
0
0
0
0
0
0
0
0
0
0
0
1 7 25
1 9 27
0
0
1 9 23
0
0
0
0
0
0
0
0
0
0
0
0
0
0
0
0
0
0
0
0
0
0
0
0
0
0
0
0
0
0
0
0
0
0
0
0
0
0
0
0
0
0
0
0
0
0
0
0
0
0
0
0
0
0
0
0
0
0
0
0
0
0
0
0
0
0
0
0
0
0
0
0
0
0
0
0
0
0
0
0
0
0
0
0
0
0
0
0
0
0
0
0
0
0
0
0
0
0
0
0
0
0
0
0
0
0
0
0
0
0
0
0
0
0
0
0
0
0
0
0
0
0
0
0
0
0
0
0
0
0
0
0
0
0
1 1 3
0
0
0
1 2 2
1 1 0
1 3 1
0
1 5 0
0
1 4 2
1 6 1
1 5 3
1 7 2
1 6 5
0
0
1 5 6
2 4 5 4 3
0
0
0
0
0
0
0
0
0
0
0
0
0
0
0
0
0
0
0
0
0
0
0
0
0
0
0
0
0
0
0
0
0
0
0
0
0
0
0
0
0
0
0
0
0
0
0
0
0
0
0
0
0
0
0
0
0
0
0
0
0
0
0
0
0
0
0
0
0
0
0
0
0
0
0
0
0
0
0
0
0
0
0
0
0
0
0
0
0
0
0
0
0
0
0
0
0
0
0
0
0
0
0
0
0
0
0
0
0
0
0
0
0
0
0
0
0
0
0
0
0
0
0
0
0
0
0
0
0
0
0
0
0
0
0
0
0
0
0
0
0
0
0
0
0
0
0
0
1 12 27
0
0
0
0
0
0
0
0
0
0
0
0
0
0
0
0
0
0
0
0
0
0
0
0
0
0
0
0
0
0
0
0
0
0
0
0
0
0
0
0
0
0
0
0
0
0
0
0
0
0
0
0
0
0
0
0
0
0
0
0
0
0
0
0
0
0
0
0
0
0
0
0
0
0
0
0
0
0
0
0
0
0
0
0
0
0
0
0
0
0
0
0
0
0
0
0
0
0
0
0
0
0
0
0
0
0
0
0
0
0
0
0
0
0
0
0
0
0
0
0
0
0
0
0
0
0
0
0
0
0
0
0
0
0
0
0
0
0
0
0
0
0
0
0
0
0
0
0
0
0
0
0
0
1 9 0
0
0
0
1 6 0
0
0
0
0
0
0
0
0
0
0
0
0
0
0
0
0
0
0
0
0
0
0
0
0
0
0
0
0
0
0
0
0
0
0
0
0
0
0
0
0
0
0
0
0
0
0
0
0
0
0
0
0
0
0
0
0
0
0
0
0
0
0
0
0
0
0
0
0
0
0
0
0
0
0
0
0
0
0
0
0
0
0
0
0
0
0
0
0
0
0
0
0
0
0
0
0
0
0
0
0
0
0
0
0
0
0
0
0
0
0
0
0
0
0
0
0
0
0
1 32 32
0
0
0
0
0
0
0
0
0
0
0
0
0
0
0
0
0
0
0
0
0
0
0
0
0
0
0
0
0
0
0
0
0
0
0
0
0
0
0
0
0
0
0
0
0
0
0
0
2 4 32 4 30
0
0
1 9 32
0
0
0
0
0
0
0
0
0
0
0
0
0
0
0
0
0
0
0
0
0
0
0
0
0
0
0
0
0
0
0
0
0
0
0
0
0
0
0
0
0
0
0
0
0
0
0
0
0
0
0
0
0
0
0
0
0
0
0
0
0
0
0
0
0
0
0
0
0
0
0
0
0
0
0
0
0
0
0
0
0
0
0
0
0
0
0
0
0
0
0
0
0
0
0
0
0
0
0
0
0
0
0
0
0
0
0
0
0
0
0
0
0
0
0
0
0
0
0
0
0
0
0
0
0
0
0
0
0
0
0
0
0
0
0
0
0
0
0
0
0
0
0
0
0
0
0
0
0
0
0
0
0
0
0
1 12 5
0
0
0
0
0
0
0
0
0
0
0
0
0
0
0
0
0
0
0
0
0
0
0
0
0
0
0
0
0
0
0
0
0
0
0
0
0
0
0
0
0
0
0
0
0
0
0
0
0
0
0
0
0
0
0
0
0
0
0
0
0
0
0
0
0
0
0
0
0
0
0
0
0
0
0
0
0
0
0
0
0
0
0
0
0
0
0
0
0
0
0
0
0
0
0
0
0
0
0
0
0
0
0
0
0
0
0
0
0
0
0
0
