8 17 25 19 25 18 23 19 23 21 24 20 23 23 25 2 13
2 1 11 1 15
1 3 14
1 2 16
1 4 15
1 3 17
1 5 16
1 4 18
1 6 17
1 5 19
1 7 18
1 6 21
1 8 19
0
0
0
0
0
0
0
0
0
0
0
0
0
0
0
0
0
0
1 2 9
0
1 5 13
0
0
0
0
0
0
0
0
0
0
0
0
0
1 3 10
1 1 8
1 0 11
0
0
1 2 7
1 1 5
1 3 6
1 2 4
1 4 5
1 3 3
1 5 4
1 4 2
1 6 3
0
1 7 2
0
0
0
0
0
2 9 3 7 3
2 9 4 7 4
1 7 5
1 7 6
0
1 10 5
1 11 7
0
0
0
2 10 8 8 8
0
0
0
0
1 13 5
1 12 3
1 10 4
0
0
2 12 2 10 2
1 10 1
0
2 13 2 13 0
2 14 2 14 0
1 15 0
2 16 2 16 0
1 17 2
1 20 0
0
0
1 21 1
1 20 3
0
0
1 22 1
0
0
1 24 4
1 24 5
0
1 22 8
2 21 7 21 5
0
0
1 19 9
1 21 8
1 18 10
1 16 9
1 17 11
1 15 10
1 16 12
1 14 11
0
1 13 12
0
0
0
0
0
0
0
0
0
0
0
1 22 9
2 21 10 19 10
2 21 11 19 11
1 21 12
1 19 14
1 18 13
0
0
1 16 15
2 14 14 18 14
1 15 16
1 13 15
0
1 12 16
1 13 18
0
1 12 19
1 11 18
0
1 12 15
1 10 14
1 12 13
2 12 12 10 12
1 12 11
0
0
1 8 10
2 7 12 7 10
2 6 12 6 10
1 5 10
0
0
2 5 9 3 9
0
1 5 5
0
0
0
0
0
0
0
0
0
0
0
0
0
0
0
0
0
0
0
0
0
0
0
0
0
0
0
0
0
0
1 19 15
1 18 17
2 16 16 20 16
1 19 18
1 21 17
1 20 19
1 22 18
0
0
1 20 20
0
1 23 21
0
0
1 25 18
1 25 17
1 23 15
0
0
1 21 15
2 23 14 21 14
2 23 13 21 13
0
1 23 11
0
1 23 8
0
0
0
0
0
0
0
0
0
0
0
0
0
0
0
0
0
0
0
0
0
0
0
0
0
0
0
0
0
0
0
0
0
0
0
0
0
0
0
0
0
0
0
1 19 5
0
0
0
0
0
0
0
0
0
0
0
0
0
0
0
0
0
0
0
0
0
0
0
0
0
0
0
0
0
0
0
1 13 11
0
0
1 15 7
0
1 16 6
0
1 17 3
0
0
0
0
0
0
0
0
0
0
0
0
0
0
0
0
0
0
0
0
0
0
0
0
0
0
0
0
0
0
0
0
0
0
0
0
0
0
0
0
0
0
0
0
0
0
0
0
0
0
0
0
0
0
0
0
0
0
0
0
0
0
0
0
0
0
0
0
0
0
0
0
0
0
0
0
0
0
0
0
0
0
0
0
0
0
0
0
0
0
0
0
0
0
0
0
0
0
0
0
0
0
0
0
0
0
0
0
0
2 15 6 13 6
1 15 5
0
0
0
0
0
0
0
0
0
0
0
0
0
1 9 13
1 7 14
1 9 15
1 7 16
1 7 17
0
0
0
0
0
0
0
0
0
0
0
0
0
0
0
0
0
0
0
0
0
0
0
0
0
0
0
0
0
0
0
0
0
0
0
0
0
0
0
0
1 21 22
0
1 24 23
1 25 21
0
0
0
0
0
0
0
0
0
0
0
