8 1 13 19 1 19 2 20 0 20 3 21 1 0 11 0 15
1 2 12
1 1 10
1 3 11
1 2 9
1 4 10
1 3 8
1 5 9
1 4 7
1 6 8
1 5 6
1 7 7
1 6 5
1 8 6
0
0
0
0
0
0
0
0
0
0
0
0
0
0
0
1 2 14
1 1 16
1 3 15
1 2 17
1 4 16
1 3 18
1 5 17
1 4 19
1 6 18
1 5 20
1 7 19
1 6 21
0
1 7 22
1 9 21
1 8 23
1 10 22
1 9 24
1 11 23
1 10 25
1 12 24
0
1 13 25
0
0
0
1 14 24
1 15 24
1 16 24
0
1 18 24
1 19 24
1 20 24
1 21 24
1 22 24
0
1 24 24
1 25 24
0
0
0
1 24 23
1 25 21
1 23 22
1 24 20
1 22 21
1 23 19
1 21 20
1 22 18
1 20 19
1 21 17
1 19 18
1 20 16
1 18 17
1 19 15
1 17 16
1 18 14
1 16 15
1 17 13
1 15 14
1 16 12
1 14 13
1 15 11
1 13 12
1 14 10
1 12 11
1 13 9
1 11 10
1 12 8
0
1 11 7
1 9 8
1 10 6
0
1 9 5
1 8 9
0
1 7 10
0
1 6 11
0
0
0
0
0
0
0
0
0
0
0
0
0
0
0
0
0
0
0
0
0
0
0
0
0
0
0
0
0
0
0
0
0
0
0
0
0
0
0
1 25 18
0
1 24 17
0
1 23 16
0
1 22 15
0
1 21 14
0
1 20 13
0
1 19 12
0
1 18 11
0
1 17 10
0
1 16 9
0
1 15 8
0
1 14 7
0
1 13 6
0
1 12 5
0
1 11 4
0
1 10 3
0
1 9 2
1 8 2
1 7 2
1 6 2
1 5 2
2 4 2 4 6
2 3 2 3 6
2 2 2 2 6
0
0
0
0
0
0
0
0
0
0
0
0
0
0
0
0
0
0
0
0
0
0
0
0
0
0
0
0
0
0
0
0
0
0
0
0
0
0
0
0
0
0
0
0
0
0
0
0
0
0
0
0
0
0
0
0
0
0
0
0
0
0
0
1 8 24
1 7 24
1 6 24
1 5 24
1 4 24
0
0
0
0
0
0
0
0
0
0
0
0
0
0
0
0
0
0
0
0
0
0
0
0
0
0
0
0
0
0
0
0
0
0
0
0
0
0
0
0
0
0
0
0
0
0
0
0
0
0
0
0
0
0
0
0
0
0
0
0
0
0
0
0
1 5 12
0
1 4 13
0
0
0
1 5 14
0
1 6 15
0
1 7 16
0
1 8 17
0
1 9 18
0
1 10 19
0
1 11 20
0
1 12 21
0
1 13 22
0
0
0
1 14 21
1 15 21
1 16 21
1 17 21
1 18 21
1 19 21
0
1 22 22
0
1 18 20
0
1 17 19
0
1 16 18
0
1 15 17
0
1 14 16
0
1 13 15
0
1 12 14
0
1 11 13
0
1 10 12
0
1 9 11
0
0
0
1 8 12
0
1 7 13
0
0
0
1 8 14
0
1 9 15
0
1 10 16
0
1 11 17
0
1 12 18
0
0
0
1 13 21
0
0
0
0
0
0
0
0
0
0
0
0
0
0
0
0
0
0
0
0
0
0
0
0
0
0
0
0
0
0
0
0
0
0
0
0
0
0
0
0
0
0
0
0
0
0
0
0
0
0
0
0
0
0
0
0
0
0
0
0
0
0
0
0
0
0
0
0
0
0
0
0
0
0
0
0
0
0
0
0
0
0
0
0
0
0
0
0
0
0
0
0
0
0
0
0
0
0
0
0
0
0
0
0
0
0
0
0
0
0
0
0
0
0
0
0
0
0
0
0
0
0
0
0
0
0
0
0
0
0
0
0
0
0
0
0
0
0
0
0
0
0
0
0
0
0
0
0
0
0
0
0
0
0
0
0
0
0
0
0
2 1 2 1 6
0
0
0
1 2 1
0
0
0
0
0
0
0
0
0
0
1 10 2
1 11 2
1 12 2
1 13 2
1 14 2
1 15 2
1 16 2
1 17 2
0
0
0
1 16 3
1 17 5
2 15 4 19 4
1 16 6
0
1 15 7
0
0
0
0
0
0
1 20 5
1 19 7
2 17 6 21 6
1 20 8
1 22 7
1 21 9
1 23 8
0
1 24 9
1 23 11
0
0
0
0
0
0
0
0
0
0
0
0
0
0
0
1 13 3
0
0
0
0
0
0
0
0
0
0
0
0
0
0
0
0
0
0
0
0
0
0
0
0
0
0
0
0
0
0
0
0
0
0
0
0
0
0
0
0
0
0
0
0
0
0
0
0
0
0
0
0
0
0
0
0
0
0
0
0
0
0
0
0
0
0
0
0
0
0
0
0
0
0
0
0
0
0
0
0
0
0
0
0
0
0
0
0
0
0
0
0
0
0
0
0
0
0
0
0
0
0
0
0
0
0
0
0
1 3 24
1 2 24
0
0
0
0
0
0
0
0
0
0
0
0
0
0
0
0
0
0
0
0
0
0
0
0
0
0
0
0
0
0
0
0
0
0
0
0
0
0
0
0
0
0
0
0
0
0
0
0
0
0
0
0
0
0
0
0
0
0
0
0
0
0
0
0
0
0
0
0
0
0
0
0
0
0
0
0
0
0
0
0
0
0
0
0
0
0
0
0
0
0
0
0
0
0
0
0
0
0
0
0
0
0
0
0
0
0
0
0
0
0
0
0
0
0
0
0
0
0
0
0
0
0
0
0
0
0
0
0
0
0
0
0
0
0
0
0
0
0
0
0
0
0
0
0
1 12 15
0
1 11 14
0
1 10 13
0
0
0
0
0
0
0
0
0
0
0
0
0
0
0
0
0
0
0
0
0
0
0
0
0
0
0
0
0
0
0
0
0
0
0
0
0
0
0
0
0
0
0
0
0
0
0
0
0
0
0
0
0
0
0
0
0
0
0
0
0
0
0
0
0
0
0
0
0
0
0
0
0
0
0
0
0
0
0
0
0
0
0
0
0
0
0
0
0
0
0
0
0
0
0
0
0
0
0
0
0
0
0
0
0
0
0
0
0
0
0
0
0
0
0
0
0
0
0
0
0
0
0
0
0
0
0
0
0
0
0
0
0
0
0
0
0
0
0
0
0
0
0
0
0
0
0
0
0
0
0
0
0
0
0
0
0
0
0
0
0
0
0
0
0
0
0
0
0
0
0
0
0
0
0
0
0
0
0
0
0
0
0
0
0
0
0
0
0
0
0
0
0
0
0
0
0
0
0
0
0
1 25 10
1 24 12
0
1 25 13
0
0
0
0
0
0
0
0
0
0
0
0
0
0
0
0
0
0
0
0
0
0
0
0
0
0
0
0
0
0
0
0
0
0
0
0
0
0
0
0
0
0
0
0
0
0
0
0
0
0
0
0
0
0
0
0
0
0
0
0
0
0
0
0
0
0
0
0
0
0
0
0
0
0
0
0
0
0
0
0
0
0
0
0
0
0
0
0
0
0
0
0
0
0
0
0
0
0
0
0
0
0
0
0
0
0
0
0
0
0
0
0
1 1 24
0
0
0
1 2 23
1 1 21
1 3 22
1 2 20
0
1 3 19
0
0
0
0
0
0
1 1 18
0
0
0
0
0
0
0
0
0
0
0
0
0
0
0
0
0
0
0
0
0
0
0
0
0
0
0
0
0
0
0
0
0
0
0
0
0
0
0
0
0
0
0
0
0
0
0
0
0
0
0
0
0
0
0
0
0
0
0
0
0
0
0
0
0
0
0
0
0
0
0
0
0
0
0
0
0
0
0
0
0
0
0
0
0
0
0
0
0
0
0
0
0
0
0
0
0
0
0
0
0
0
0
0
0
0
0
0
0
1 16 7
1 16 8
1 19 10
1 17 9
0
0
1 21 12
1 19 11
0
0
1 23 14
1 21 13
0
1 26 14
0
0
0
0
0
0
0
0
0
0
0
0
0
0
0
0
0
0
0
0
0
0
0
0
0
0
0
0
0
0
0
0
0
0
0
0
0
0
0
0
0
0
0
0
0
0
0
0
0
0
0
0
0
0
0
0
0
0
0
0
0
0
0
0
0
0
0
0
0
0
0
0
0
0
0
0
0
0
0
0
0
0
0
0
0
0
0
0
0
0
0
0
0
0
0
0
0
0
0
0
0
0
0
0
0
0
0
0
0
0
0
0
0
0
0
0
0
0
0
0
0
0
0
0
0
0
0
0
0
0
0
0
0
0
0
0
0
0
0
0
0
0
0
0
0
0
0
0
0
0
0
0
0
0
0
0
0
0
0
0
0
0
0
0
0
0
0
0
0
0
0
0
0
0
0
0
0
0
0
0
0
0
0
0
0
0
0
0
0
0
0
0
0
0
0
0
0
0
0
0
0
0
0
0
0
0
0
0
0
0
0
1 1 9
0
0
0
0
0
0
0
0
0
0
0
0
0
0
0
0
0
0
0
0
0
0
0
0
0
0
0
0
0
0
0
0
0
0
0
0
0
0
0
0
0
0
0
0
0
0
0
0
0
0
0
0
0
0
0
0
0
0
0
0
0
0
0
0
0
0
0
0
0
0
0
0
0
0
0
0
0
0
0
0
0
0
0
0
0
0
0
1 6 22
0
0
0
0
0
0
0
0
0
0
0
0
0
0
0
0
0
0
0
0
0
0
0
0
0
0
0
0
0
0
0
0
0
0
0
0
0
0
0
0
0
0
0
0
0
0
0
0
0
0
0
0
0
0
0
0
0
0
0
0
0
0
0
0
0
0
0
0
0
0
0
0
0
0
0
0
0
0
0
0
0
0
0
0
0
0
0
0
0
0
0
0
0
0
0
0
0
0
0
0
0
0
0
0
0
0
0
0
0
0
0
0
0
0
0
0
0
0
0
0
0
0
0
0
0
0
1 26 13
0
0
1 24 8
1 25 6
0
1 24 7
0
1 24 5
1 25 3
0
1 24 4
0
1 24 2
1 25 0
1 23 1
0
0
0
0
0
0
1 23 4
1 21 3
0
0
0
0
