7 2 2 1 1 1 3 1 4 2 15 0 13 0 17
2 1 13 1 17
1 3 14
1 2 12
1 4 13
1 3 11
1 5 12
1 4 10
1 6 11
1 5 9
1 7 10
1 6 8
1 8 9
1 7 7
1 9 8
1 8 6
1 10 7
1 9 5
1 11 6
1 10 4
1 12 5
1 11 3
1 13 4
1 12 2
1 14 3
1 13 1
1 15 2
0
1 16 1
1 15 0
0
0
1 11 2
1 10 2
1 9 2
1 8 2
1 7 2
1 6 2
1 5 2
1 4 2
0
0
0
0
0
0
0
0
0
2 4 3 2 3
2 4 4 2 4
2 4 5 2 5
2 4 6 2 6
2 4 7 2 7
1 2 8
2 4 9 2 9
0
0
2 1 11 1 9
0
0
0
0
0
0
0
0
0
0
0
0
0
0
0
0
0
0
0
0
0
0
0
0
0
0
0
0
0
0
0
0
0
0
0
0
0
0
0
0
0
0
0
0
0
0
0
0
0
0
0
0
0
0
1 2 18
2 3 17 3 15
2 4 17 4 15
2 5 17 5 15
2 6 17 6 15
2 7 17 7 15
2 8 17 8 15
2 9 17 9 15
2 10 17 10 15
2 11 17 11 15
2 12 17 12 15
2 13 17 13 15
2 14 17 14 15
2 15 17 15 15
2 16 17 16 15
2 17 17 17 15
2 18 17 18 15
2 19 17 19 15
2 20 17 20 15
2 21 17 21 15
2 22 17 22 15
2 23 17 23 15
2 24 17 24 15
2 25 17 25 15
2 26 17 26 15
2 27 17 27 15
2 28 17 28 15
0
0
1 27 14
1 28 12
1 26 13
1 27 11
1 25 12
1 26 10
1 24 11
1 25 9
1 23 10
1 24 8
1 22 9
1 23 7
1 21 8
1 22 6
1 20 7
1 21 5
1 19 6
1 20 4
1 18 5
1 19 3
1 17 4
1 18 2
0
1 17 1
2 16 4 16 2
0
0
2 16 5 14 5
2 16 6 14 6
2 16 7 14 7
2 16 8 14 8
2 16 9 14 9
2 16 10 14 10
2 16 11 14 11
2 16 12 14 12
0
0
0
0
0
0
0
0
0
0
0
0
0
0
0
0
0
0
0
0
0
0
0
0
0
0
0
0
0
0
0
0
0
0
0
1 28 9
0
1 27 10
0
1 27 8
1 28 6
0
0
0
0
0
0
0
0
0
0
1 27 18
1 28 20
1 26 19
1 27 21
1 25 20
1 26 22
1 24 21
1 25 23
1 23 22
1 24 24
1 22 23
1 23 25
1 21 24
1 22 26
1 20 25
1 21 27
1 19 26
1 20 28
1 18 27
1 19 29
1 17 28
0
0
0
1 16 27
1 15 27
1 14 27
1 13 27
1 12 27
1 11 27
1 10 27
1 9 27
1 8 27
1 7 27
1 6 27
1 5 27
1 4 27
1 3 27
1 2 27
1 1 27
0
0
0
1 2 26
1 1 24
1 3 25
1 2 23
1 4 24
1 3 22
1 5 23
1 4 21
1 6 22
1 5 20
1 7 21
1 6 19
1 8 20
1 7 18
1 9 19
0
0
0
1 10 19
1 11 19
1 12 19
1 13 19
1 14 19
1 15 19
1 16 19
1 17 19
1 18 19
1 19 19
1 20 19
1 21 19
1 22 19
1 23 19
0
0
0
0
1 22 21
1 21 21
1 20 21
1 19 21
1 18 21
1 17 21
1 16 21
1 15 21
1 14 21
1 13 21
1 12 21
1 11 21
1 10 21
0
0
2 10 22 8 22
2 10 23 8 23
2 10 24 8 24
2 10 25 8 25
0
0
1 11 25
1 12 25
1 13 25
1 14 25
1 15 25
1 16 25
2 17 27 17 25
0
0
1 19 23
1 17 24
1 20 22
0
0
0
0
0
0
0
0
0
0
0
0
0
0
0
0
0
0
0
0
0
0
0
0
0
0
0
0
0
0
0
0
0
0
0
0
0
0
0
0
0
0
0
0
0
0
0
0
0
0
0
0
0
0
0
0
0
0
0
0
0
0
0
0
0
0
0
0
0
0
0
0
0
0
0
0
0
0
0
0
0
0
0
0
0
0
0
0
0
0
0
0
0
0
0
0
0
0
0
0
0
0
0
0
0
0
0
0
0
0
0
0
0
0
0
0
0
0
0
0
0
0
0
0
0
1 27 5
1 26 6
1 25 6
1 24 6
0
0
0
0
0
0
0
1 28 3
1 26 4
1 27 2
1 25 3
0
0
0
0
0
0
0
0
0
0
0
0
0
0
0
0
0
0
0
0
0
0
0
0
0
0
0
0
0
0
0
0
0
0
0
0
0
0
0
0
0
0
0
0
0
0
0
0
0
0
0
0
0
0
0
0
0
0
0
0
0
0
0
0
0
0
0
0
0
0
0
0
0
0
0
0
0
0
0
0
0
0
0
0
0
0
0
0
0
0
0
0
0
0
0
0
0
0
0
0
0
0
0
0
0
0
0
0
0
0
0
0
0
0
0
0
0
0
0
0
0
0
0
0
0
0
0
0
0
0
0
0
0
0
0
0
0
0
0
0
0
0
0
0
0
0
0
0
0
0
0
0
0
0
0
0
0
0
0
0
0
0
0
0
0
0
0
0
0
0
0
0
0
0
0
0
0
0
0
0
0
0
0
0
0
0
0
0
0
0
0
0
0
0
0
0
0
0
0
0
0
0
0
0
0
0
0
2 16 13 14 13
0
0
1 13 13
1 12 13
1 11 13
1 10 13
1 9 13
1 8 13
1 7 13
0
0
0
0
1 8 11
1 9 11
1 10 11
1 11 11
1 12 11
0
0
1 12 10
1 12 9
1 12 8
0
0
0
0
0
0
0
0
0
0
0
0
0
0
0
0
0
0
0
0
0
0
0
0
0
0
0
0
0
0
0
0
0
0
0
0
0
0
0
0
0
0
0
0
0
0
0
0
0
0
0
0
0
0
0
0
0
0
0
0
0
0
0
0
0
0
0
0
0
0
0
0
0
0
0
1 26 1
1 24 2
1 25 0
1 23 1
0
0
0
0
1 21 2
0
1 18 1
0
0
0
0
0
0
0
0
0
0
0
0
0
0
0
0
0
0
0
0
0
0
0
0
0
0
0
0
0
0
0
0
0
0
0
0
0
0
0
0
0
0
0
0
0
0
0
0
0
0
0
0
0
0
0
0
0
0
0
0
0
0
0
0
0
0
0
0
0
0
0
0
0
0
0
0
0
0
1 1 21
0
1 2 22
0
1 2 20
1 1 18
0
0
0
0
0
0
0
0
0
0
0
0
0
0
0
0
0
0
0
0
0
0
0
0
0
0
0
0
0
0
0
0
0
0
0
0
0
0
0
0
0
0
0
0
0
0
0
0
0
0
0
0
0
0
0
0
0
0
0
0
0
0
0
0
0
0
0
0
0
0
0
0
0
0
0
0
0
0
0
0
0
0
0
0
0
0
0
0
0
0
0
0
0
0
0
0
0
0
0
0
0
0
0
0
0
0
0
0
0
0
0
0
0
0
0
0
1 10 10
0
0
0
0
0
0
0
0
0
0
0
0
0
0
0
0
0
0
0
0
0
0
0
0
0
0
0
0
0
0
0
0
0
0
0
0
0
0
0
0
0
0
0
0
0
0
0
0
0
0
0
0
0
0
0
0
0
0
0
0
0
0
0
0
0
0
0
0
0
0
0
0
0
0
0
0
0
0
0
0
0
0
0
0
0
0
0
0
0
0
0
0
0
0
0
0
0
0
0
0
0
0
0
0
0
0
0
0
0
0
0
0
0
0
0
0
0
0
0
0
0
0
0
0
0
0
0
0
0
0
0
0
0
0
0
0
0
0
0
0
0
0
0
0
0
0
0
0
0
0
0
0
0
0
0
0
0
0
0
0
0
0
0
0
0
0
0
0
0
0
0
0
0
0
0
0
1 17 23
1 19 22
0
0
0
0
0
0
0
0
0
0
0
0
0
0
0
0
0
0
0
0
0
0
0
0
0
0
0
0
0
0
0
0
0
0
0
0
0
0
0
0
0
0
0
0
0
0
0
0
0
0
0
0
0
0
0
0
0
0
0
0
0
0
0
0
0
0
0
0
0
0
0
0
0
0
0
0
0
0
0
0
0
0
0
0
0
0
0
0
0
0
0
0
0
0
0
0
0
0
0
0
0
0
0
0
0
0
0
0
0
0
0
0
0
0
0
0
0
0
0
0
0
0
0
0
0
0
0
0
0
0
0
0
0
0
0
0
0
0
0
0
0
0
2 22 4 22 2
0
0
0
0
0
0
0
0
0
0
0
0
0
0
0
0
0
0
0
0
0
0
0
0
0
0
0
0
0
0
0
0
0
0
0
0
0
0
0
0
0
0
0
0
0
0
0
0
0
0
0
0
0
0
0
0
0
0
0
0
0
0
0
1 17 13
1 18 13
1 19 13
1 20 13
1 21 13
1 22 13
1 23 13
0
0
0
0
1 22 11
1 21 11
1 20 11
1 19 11
1 18 11
0
0
1 18 10
1 18 9
1 18 8
0
0
0
0
1 20 10
0
0
0
0
0
0
0
0
0
0
0
0
0
0
0
0
0
0
0
0
0
0
0
0
0
0
0
0
0
0
0
0
0
0
0
0
0
0
0
0
0
0
0
0
0
0
0
0
0
0
0
0
0
0
0
0
0
0
0
0
0
0
0
0
0
0
0
0
0
0
0
0
0
0
0
0
0
0
0
0
0
0
0
0
0
0
0
0
0
0
0
0
0
0
0
0
0
0
0
0
0
0
0
0
0
0
0
0
0
0
0
0
0
0
0
0
0
0
0
0
0
0
0
0
0
0
0
0
0
0
0
0
0
0
0
0
0
0
0
0
0
0
0
0
0
0
0
0
0
0
1 1 6
0
0
0
0
0
0
0
0
0
