42 18 2 19 1 19 3 21 2 20 3 21 0 22 0 22 2 23 2 24 2 26 1 25 2 18 1 15 2 16 3 18 3 19 4 19 6 15 1 16 4 18 6 20 4 20 6 21 3 16 5 17 6 21 6 22 3 23 3 23 5 25 3 25 5 26 3 26 5 29 2 27 3 27 5 29 3 29 4 28 5 2 17 0 19
2 1 15 1 19
1 3 18
1 2 20
0
0
0
0
0
1 2 14
2 3 17 3 15
1 4 17
1 6 15
0
0
0
1 3 12
1 1 13
1 2 11
0
0
0
0
1 2 10
1 1 8
1 3 9
1 2 7
1 4 8
0
1 5 7
1 4 5
1 6 6
1 5 4
1 7 5
1 6 3
1 8 4
1 7 2
1 9 3
0
1 10 2
0
1 12 1
0
1 11 0
1 13 2
1 12 4
2 10 3 15 3
1 13 5
0
0
0
0
0
0
0
0
0
0
0
0
1 9 4
1 12 5
1 10 7
1 9 6
0
0
2 9 7 7 7
2 9 8 7 8
0
1 9 11
0
0
0
1 6 10
0
2 9 12 7 12
1 7 13
1 9 14
2 9 15 7 15
1 9 16
2 9 17 7 17
1 9 18
2 9 19 7 19
1 7 20
2 9 21 7 21
2 9 22 7 22
2 9 23 7 23
2 9 24 7 24
2 9 25 7 25
2 9 26 7 26
1 7 27
1 9 28
2 9 29 7 29
0
0
2 10 31 10 29
0
1 12 31
0
0
1 10 32
1 12 33
0
0
0
0
0
1 13 27
1 11 28
0
0
0
0
2 13 26 11 26
1 13 25
2 13 24 11 24
2 13 23 11 23
2 13 22 11 22
2 13 21 11 21
1 13 20
2 13 19 11 19
2 13 18 11 18
2 13 17 11 17
2 13 16 11 16
2 13 15 11 15
2 13 14 11 14
0
1 13 11
1 14 14
1 16 12
1 15 10
1 17 11
1 16 9
1 19 10
1 17 8
0
1 20 11
0
1 22 12
0
1 21 13
1 23 11
1 22 9
2 20 10 24 10
1 23 7
1 25 9
1 24 7
2 22 8 27 8
0
0
1 28 9
1 27 11
2 25 10 29 10
0
1 30 11
1 29 13
1 31 12
0
0
0
0
0
0
0
1 24 11
2 27 12 25 12
1 27 13
2 27 14 25 14
2 27 15 25 15
2 27 16 25 16
1 27 17
0
2 24 18 24 16
2 23 18 23 16
1 22 18
1 21 18
2 20 18 20 16
2 19 18 19 16
0
1 16 18
0
0
1 16 21
0
0
1 14 21
2 16 22 14 22
1 16 23
2 16 24 14 24
2 16 25 14 25
1 14 26
0
1 17 25
2 18 27 18 25
1 19 27
2 20 27 20 25
2 21 27 21 25
2 22 27 22 25
1 23 27
1 25 25
1 24 23
2 22 24 26 24
1 25 22
1 27 23
1 26 21
1 28 22
1 27 20
1 29 21
1 28 19
1 30 20
0
1 31 19
1 30 16
0
1 31 17
0
0
0
0
1 31 14
2 32 16 32 14
0
0
0
1 32 19
0
0
0
0
1 30 21
1 32 23
1 31 23
0
0
0
0
1 31 24
1 32 26
0
1 31 27
1 29 26
1 30 28
1 27 27
0
1 28 28
1 25 26
1 27 24
1 26 25
1 24 27
1 25 29
1 23 28
1 24 30
1 22 29
1 23 32
0
0
0
2 25 32 25 30
0
0
0
0
0
1 27 31
1 28 31
1 29 31
1 30 31
1 31 31
1 32 31
1 33 29
0
0
0
0
0
0
0
0
0
0
0
0
0
0
0
0
0
0
0
0
0
0
0
0
0
0
0
0
0
0
0
0
0
0
0
0
0
0
0
0
0
0
0
0
0
1 31 9
0
1 30 7
0
0
1 29 5
0
0
0
0
0
1 31 6
1 30 3
0
0
0
1 32 3
0
0
0
0
0
0
1 30 2
0
0
0
0
0
0
0
0
0
0
0
0
0
