87 1 18 17 24 15 23 16 23 14 24 14 22 16 25 15 22 12 23 13 22 12 24 14 25 13 26 11 25 12 27 11 27 10 25 10 27 9 25 9 27 8 25 8 27 7 25 7 27 6 25 6 27 5 25 5 27 4 25 4 27 3 25 3 27 2 25 2 27 0 26 1 25 1 28 0 30 0 1 36 1 1 36 1 3 35 3 3 35 0 5 36 5 5 36 1 7 35 7 7 35 0 9 36 9 9 36 1 11 35 11 11 35 0 13 36 13 13 36 1 15 35 15 15 35 0 17 36 17 17 36 35 19 19 35 0 21 36 21 21 36 1 23 35 23 23 35 36 25 25 36 35 27 27 35 36 29 29 36 1 31 35 31 31 35 0 33 36 33 33 36 35 35 0 20
1 2 19
1 1 21
1 3 20
1 2 22
1 4 21
1 3 23
0
0
1 6 23
0
0
0
1 7 23
1 8 23
1 9 23
0
0
1 11 21
1 9 22
1 12 20
1 14 21
1 13 19
1 15 20
1 14 18
1 16 19
1 15 17
1 17 18
1 16 16
1 18 17
1 17 15
0
1 18 14
1 20 15
1 19 13
1 21 14
1 20 12
1 22 13
1 21 11
1 23 12
1 22 10
1 24 11
1 23 9
1 25 10
1 24 8
1 26 9
1 25 7
0
1 26 6
1 28 7
1 27 5
1 29 6
1 28 4
1 30 5
1 29 3
1 31 4
1 30 2
1 32 3
1 31 1
1 33 2
1 32 0
1 34 1
0
0
0
0
0
0
1 34 4
0
1 33 5
0
1 32 6
0
1 31 7
0
1 30 8
0
1 29 9
0
1 28 10
0
1 27 11
0
1 26 12
0
1 25 13
0
1 24 14
0
1 23 15
0
1 22 16
0
0
0
0
0
0
0
0
0
0
0
0
0
0
0
0
0
0
0
0
0
0
0
0
0
0
0
0
0
0
1 35 6
0
1 34 7
0
1 33 8
0
1 32 9
0
1 31 10
0
1 30 11
0
1 29 12
0
1 28 13
0
1 27 14
0
0
0
1 25 16
0
1 24 17
0
1 23 18
1 21 17
1 22 19
0
0
1 20 19
2 19 19 19 17
0
0
2 19 20 17 20
2 19 21 17 21
1 19 22
2 19 23 17 23
1 19 24
2 19 25 17 25
2 19 26 17 26
2 19 27 17 27
2 19 28 17 28
2 19 29 17 29
2 19 30 17 30
2 19 31 17 31
2 19 32 17 32
2 19 33 17 33
2 19 34 17 34
0
0
0
1 20 34
1 22 35
1 21 33
1 23 34
1 22 32
1 24 33
1 23 31
1 25 32
1 24 30
1 26 31
1 25 29
1 27 30
1 26 28
1 28 29
1 27 27
1 29 28
1 28 26
1 30 27
1 29 25
1 31 26
1 30 24
1 32 25
1 31 23
1 33 24
1 32 22
1 34 23
1 33 21
0
1 34 20
0
0
0
0
0
0
0
1 34 18
1 35 16
1 33 17
1 34 15
1 32 16
1 33 14
1 31 15
1 32 13
1 30 14
0
0
0
0
0
2 30 15 28 15
2 30 16 28 16
2 30 17 28 17
2 30 18 28 18
2 30 19 28 19
2 30 20 28 20
2 30 21 28 21
1 28 22
0
0
0
1 32 19
0
1 33 18
0
0
0
0
0
0
0
0
0
0
0
0
0
0
0
0
0
0
0
0
0
0
0
0
0
0
0
0
0
0
0
0
0
0
0
0
0
0
0
0
0
0
0
0
0
0
0
0
0
0
0
0
0
0
0
0
0
0
0
0
0
0
0
0
0
1 16 36
1 14 34
1 15 32
1 13 33
1 14 31
1 12 32
1 13 30
1 11 31
1 12 29
1 10 30
1 11 28
0
0
0
0
1 8 29
1 7 29
1 6 29
1 5 29
1 4 29
1 3 29
0
0
2 3 30 1 30
1 3 31
1 3 32
2 3 33 1 33
2 3 34 1 34
0
0
0
1 4 34
1 6 35
1 5 33
1 7 34
1 6 32
1 8 33
1 7 31
1 9 32
0
0
0
0
0
1 11 34
1 9 33
1 12 35
0
0
0
0
0
0
0
0
0
0
0
0
0
0
0
0
0
0
0
2 0 36 0 34
0
0
0
0
0
0
1 0 31
0
0
0
0
0
0
0
0
0
0
0
0
0
0
0
0
0
0
0
0
0
0
0
0
0
1 14 23
0
0
0
0
0
0
0
0
0
0
0
0
0
0
0
0
0
0
0
0
0
0
0
0
0
0
0
0
0
0
0
0
0
0
0
0
0
0
0
0
0
0
1 15 31
1 15 30
1 15 29
1 15 28
1 15 27
0
0
0
0
0
0
0
0
0
0
0
0
0
0
0
0
0
0
0
0
0
0
0
0
0
0
0
0
0
0
0
0
0
0
0
0
0
0
0
0
0
0
0
0
1 34 24
1 35 26
1 33 25
1 34 27
1 32 26
1 33 28
1 31 27
1 32 29
1 30 28
1 31 30
1 29 29
1 30 31
1 28 30
1 29 32
1 27 31
1 28 33
1 26 32
1 27 34
1 25 33
0
1 24 34
0
0
0
1 28 34
1 30 35
1 29 33
1 31 34
1 30 32
1 32 33
1 31 31
1 33 32
1 32 30
1 34 31
1 33 29
0
0
0
0
0
0
0
0
0
0
0
0
0
0
0
0
0
0
0
0
0
0
0
0
0
0
0
0
0
0
0
0
0
0
0
0
0
0
0
0
0
0
0
0
0
0
0
0
0
0
0
0
0
0
0
0
0
0
0
0
0
0
0
0
0
0
0
0
0
0
0
0
0
0
0
0
0
0
0
0
0
0
0
0
0
0
0
0
0
0
0
0
0
0
0
0
0
0
0
0
0
0
0
0
0
0
0
0
0
0
0
0
0
0
0
0
0
0
0
0
0
0
0
0
0
0
0
0
0
0
0
0
0
0
0
0
0
0
0
0
0
0
0
0
0
0
0
0
0
0
0
0
0
0
0
0
0
0
0
0
0
0
0
0
0
0
0
0
0
0
0
0
1 8 21
2 11 20 9 20
2 11 19 9 19
2 11 18 9 18
2 11 17 9 17
2 11 16 9 16
2 11 15 9 15
2 11 14 9 14
2 11 13 9 13
2 11 12 9 12
2 11 11 9 11
2 11 10 9 10
2 11 9 9 9
2 11 8 9 8
2 11 7 9 7
2 11 6 9 6
2 11 5 9 5
2 11 4 9 4
2 11 3 9 3
2 11 2 9 2
2 11 1 9 1
0
0
1 12 2
1 13 2
1 14 2
1 15 2
1 16 2
1 17 2
1 18 2
1 19 2
1 20 2
1 21 2
1 22 2
1 23 2
1 24 2
1 25 2
1 26 2
1 27 2
0
1 30 1
0
0
0
1 26 4
1 25 4
1 24 4
1 23 4
1 22 4
1 21 4
1 20 4
1 19 4
1 18 4
1 17 4
1 16 4
1 15 4
1 14 4
1 13 4
0
0
1 13 5
1 13 6
0
1 13 8
1 13 9
1 13 10
1 13 11
0
1 13 14
2 14 13 14 11
2 15 13 15 11
2 16 13 16 11
1 17 11
0
0
0
1 15 15
0
0
2 15 16 13 16
0
0
0
0
0
0
0
0
0
0
0
0
0
0
0
0
0
0
0
0
0
0
0
0
0
0
0
0
0
0
0
0
0
0
0
0
0
0
0
0
0
0
0
0
0
0
0
0
0
0
0
0
0
0
0
0
0
0
0
1 8 2
1 7 2
1 6 2
0
1 4 2
1 3 2
1 2 2
0
0
0
0
0
0
0
1 2 4
1 1 6
1 3 5
1 2 7
1 4 6
1 3 8
1 5 7
1 4 9
0
0
0
0
0
0
0
0
0
0
0
0
0
0
0
0
0
0
0
0
0
0
0
0
0
0
0
0
0
0
0
0
0
0
0
0
0
0
0
0
0
0
0
0
0
0
0
0
0
0
0
0
0
0
0
0
0
0
0
0
0
0
0
0
0
0
0
0
0
0
0
0
0
0
0
0
0
0
0
0
0
0
0
0
0
0
0
0
0
0
0
0
0
0
0
0
0
0
0
0
0
0
0
0
0
0
0
0
0
0
0
0
0
0
0
0
0
0
0
0
0
0
0
0
0
0
0
0
0
0
0
0
0
0
0
0
0
0
0
0
0
0
0
0
0
0
0
0
0
0
0
0
0
0
0
0
0
0
0
0
0
0
0
0
0
0
0
0
0
0
0
0
0
0
0
0
0
0
0
0
0
0
0
0
0
0
0
0
0
0
0
0
0
0
0
0
0
0
0
0
0
0
1 28 23
0
0
2 27 25 27 23
2 26 25 26 23
2 25 25 25 23
2 24 25 24 23
2 23 25 23 23
2 22 25 22 23
2 21 25 21 23
0
0
1 21 26
1 21 27
1 21 28
1 21 29
1 21 30
0
0
0
0
1 23 28
0
1 24 27
0
0
0
0
0
1 23 27
1 22 27
0
0
0
0
0
0
0
0
0
0
0
0
0
0
0
0
0
0
0
0
0
0
0
0
0
0
0
0
0
0
0
0
0
0
0
0
0
0
0
0
0
0
0
0
0
0
0
0
0
0
0
0
0
0
0
0
0
0
0
0
0
0
0
0
0
0
0
0
0
0
0
0
0
0
0
0
0
0
0
0
0
0
0
0
0
0
0
0
0
0
0
0
0
0
0
1 34 28
0
0
0
1 34 32
1 35 34
1 33 33
0
1 32 34
0
0
0
0
0
0
0
0
0
0
0
0
0
0
0
0
0
0
0
0
0
0
0
0
0
0
0
0
0
0
0
0
0
0
0
0
0
0
0
0
0
0
0
0
0
0
0
0
0
0
0
0
0
0
0
0
0
0
0
0
0
0
0
0
0
0
0
0
0
0
0
0
0
0
0
0
0
0
0
0
0
0
0
0
0
0
0
0
0
0
0
0
0
0
0
0
0
0
0
0
0
0
0
0
0
0
0
0
0
0
0
0
0
0
0
0
0
0
0
0
0
0
0
0
0
0
0
0
0
0
0
0
0
0
0
0
0
0
0
0
0
0
0
0
0
0
0
0
0
0
0
0
0
0
0
0
0
0
0
0
0
0
0
0
0
0
0
0
0
0
0
0
0
0
0
0
0
0
0
0
0
0
0
0
0
0
0
0
0
0
0
0
0
0
0
0
0
0
0
0
0
0
0
0
0
0
0
0
0
0
0
0
0
0
0
0
0
0
0
0
0
0
0
0
0
1 6 8
1 5 10
1 7 9
1 6 11
0
1 7 12
0
0
0
1 7 13
1 7 14
1 7 15
1 7 16
1 7 17
1 7 18
1 7 19
0
0
2 6 21 6 19
2 5 21 5 19
0
0
1 3 17
0
2 2 18 6 18
1 5 17
2 5 16 3 16
2 5 15 3 15
2 5 14 3 14
2 5 13 3 13
1 3 12
2 5 11 3 11
0
0
0
0
0
0
0
0
0
0
0
0
0
0
0
0
0
0
0
0
0
0
0
0
0
0
0
0
0
0
0
0
0
0
0
0
0
0
0
0
0
0
0
0
0
0
0
0
0
0
0
0
0
0
0
0
0
0
0
0
0
0
0
0
0
0
0
0
0
0
0
0
0
0
0
0
0
0
0
0
0
0
0
0
0
0
0
0
0
0
0
0
0
0
0
0
0
0
0
0
0
0
0
0
0
0
0
0
0
0
0
0
0
0
0
0
0
0
0
0
0
0
0
0
0
0
0
0
0
0
0
0
0
0
0
0
0
0
0
0
0
0
0
0
0
0
0
0
0
0
0
0
0
0
0
0
0
0
0
0
0
0
0
0
0
0
0
0
0
0
0
0
0
0
0
0
0
0
0
0
0
0
0
0
0
0
0
0
0
0
0
0
0
0
0
0
0
0
0
0
0
0
0
0
0
0
0
0
0
0
0
0
0
0
0
0
0
0
0
0
0
0
0
0
0
0
0
0
0
0
0
0
0
0
0
0
0
0
0
0
0
0
0
0
1 21 22
1 21 21
0
0
1 22 21
2 23 21 23 19
2 24 21 24 19
2 25 21 25 19
2 26 21 26 19
0
0
0
0
0
0
0
0
0
0
0
0
0
0
0
0
0
0
0
0
0
0
0
0
0
0
0
0
0
0
0
0
0
0
0
0
0
0
0
0
0
0
0
0
0
0
0
0
0
0
0
0
0
0
0
0
0
0
0
0
0
0
0
0
0
0
0
0
0
0
0
0
0
0
0
0
0
0
0
1 22 36
0
0
0
0
0
0
0
0
0
0
0
0
0
0
0
0
0
0
0
0
0
0
0
0
0
0
0
0
0
0
0
0
0
0
0
0
0
0
0
0
0
0
0
0
0
0
0
0
0
0
0
0
0
0
0
0
0
0
0
0
0
0
0
0
0
0
0
0
0
0
0
0
0
0
0
0
0
0
0
0
0
0
0
0
0
0
0
0
0
0
0
0
0
0
0
0
0
0
0
0
0
0
0
0
0
0
0
0
0
0
0
0
0
0
0
0
0
0
0
0
0
0
0
0
0
0
0
0
0
0
0
0
0
0
0
0
0
0
0
0
0
0
0
0
0
0
0
0
0
0
0
0
0
0
0
0
0
0
0
0
0
0
0
0
0
0
0
0
0
0
0
0
0
0
0
0
0
0
0
0
0
0
0
0
0
0
0
0
0
0
0
0
0
0
0
0
0
0
0
0
0
0
0
0
0
0
0
0
0
0
0
0
0
0
0
0
0
0
0
0
0
0
0
0
0
0
0
0
0
0
0
0
0
1 18 11
0
0
0
0
1 17 10
2 20 9 18 9
0
0
0
0
0
0
0
0
0
0
0
0
0
0
0
0
0
0
0
0
0
0
0
0
0
0
0
0
0
0
0
0
0
0
0
0
0
0
0
0
0
0
0
0
0
0
0
0
0
0
0
0
0
0
0
0
0
0
0
0
0
0
0
0
0
0
0
0
0
0
0
0
0
0
0
0
0
0
0
0
0
0
0
0
0
0
0
0
0
0
0
0
0
0
0
0
0
0
0
0
0
0
0
0
0
0
0
0
0
2 2 11 2 9
0
0
0
1 2 12
1 1 14
0
0
0
0
0
0
0
0
0
0
0
0
0
0
0
0
0
0
0
0
0
0
0
0
0
0
0
0
0
0
0
0
0
0
0
0
0
0
0
0
0
0
0
0
0
0
0
0
0
0
0
0
0
0
0
0
0
0
0
0
0
0
0
0
0
0
0
0
0
0
0
0
0
0
0
0
0
0
0
0
0
0
0
0
0
0
0
0
0
0
0
0
0
0
0
0
0
0
0
0
0
0
0
0
0
0
0
0
0
0
0
0
0
0
0
0
0
0
0
0
0
0
0
0
0
0
0
0
0
0
0
0
0
0
0
0
0
0
0
0
0
0
0
0
0
0
0
0
0
0
0
0
0
0
0
0
0
0
0
0
0
0
0
0
0
0
0
0
0
0
0
0
0
0
0
0
0
0
0
0
0
0
0
0
0
0
0
0
0
0
0
0
0
0
0
0
0
0
0
0
0
0
0
0
0
0
0
0
0
0
0
0
0
0
0
0
0
0
0
0
0
0
0
0
0
0
0
0
0
0
0
0
0
0
0
0
0
0
0
0
0
0
0
0
0
0
0
0
0
0
0
0
0
0
0
0
0
0
0
0
0
0
0
0
0
0
0
0
0
0
0
0
0
0
0
0
0
0
0
0
0
0
0
0
0
0
0
0
0
0
0
0
0
0
0
0
0
0
0
0
0
0
0
0
0
0
0
0
0
0
0
0
0
0
0
0
0
0
0
0
0
0
0
0
0
0
0
0
0
0
