102 1 14 6 7 4 8 5 8 3 7 3 9 5 6 7 7 6 6 7 8 5 9 7 9 5 10 7 10 5 11 7 11 5 12 7 12 5 13 7 13 5 14 7 14 5 15 7 15 5 16 7 16 5 17 7 17 5 18 6 19 8 18 8 19 6 20 7 21 9 20 9 21 7 22 8 23 10 22 9 24 10 24 11 22 11 24 12 22 12 24 13 22 13 24 14 22 14 24 15 22 15 24 17 23 16 24 17 22 15 21 16 20 18 21 17 19 19 20 18 18 20 19 19 17 21 18 20 16 21 16 22 16 22 18 23 16 23 18 24 16 24 18 25 16 25 18 27 17 27 18 25 19 27 19 25 20 26 21 27 23 27 1 1 3 26 3 27 5 5 27 1 7 7 26 0 9 27 9 9 27 1 11 26 11 11 26 0 17 17 27 1 19 21 27 23 26 0 25 27 25 25 27 0 16
0
0
0
1 2 10
0
0
0
0
0
0
0
0
0
0
0
0
1 1 8
0
0
0
0
0
0
1 1 6
1 3 4
0
0
