21 24 1 23 2 21 1 22 2 20 0 26 1 27 2 22 1 23 5 24 2 26 2 18 1 19 2 20 3 21 4 22 5 24 5 26 3 2 14 0 12 0 16
2 1 12 1 16
1 3 13
0
0
0
0
1 2 18
2 3 18 3 12
2 4 16 4 14
2 5 16 5 14
2 6 18 6 12
2 7 16 7 14
2 8 16 8 14
2 9 18 9 12
1 11 14
1 10 12
2 8 13 12 13
1 11 11
1 13 12
1 12 10
1 14 11
1 13 9
0
1 14 8
0
0
0
0
0
0
0
0
0
0
0
0
0
1 12 15
1 10 16
2 10 17 8 17
0
0
0
0
0
0
2 7 13 5 13
0
0
0
2 7 17 5 17
0
0
0
0
0
0
0
1 4 19
0
1 5 20
1 7 19
1 6 21
1 8 20
1 7 22
1 9 21
0
1 10 22
1 9 24
1 11 23
1 10 25
1 12 24
1 11 26
1 13 25
0
1 14 26
0
2 9 27 16 27
0
1 15 24
1 17 26
1 16 24
2 14 25 18 25
1 17 23
1 19 24
1 18 22
1 20 23
1 19 21
1 21 22
0
1 22 21
1 21 19
1 23 20
0
1 24 19
1 23 17
1 25 18
1 24 16
1 26 17
1 25 15
0
1 26 14
0
0
0
1 25 13
1 26 11
1 24 12
1 25 10
1 23 11
1 24 9
0
0
0
0
0
0
0
0
1 26 8
0
1 25 7
1 23 8
1 24 6
1 22 7
0
1 20 6
0
1 21 9
1 19 7
1 20 9
2 18 8 22 8
1 19 10
1 17 9
1 18 11
1 16 10
1 17 12
1 15 11
1 16 13
1 14 12
1 15 14
1 13 13
1 14 15
1 12 14
1 13 17
0
1 14 16
1 12 18
1 11 19
0
0
1 10 21
0
0
1 11 22
1 12 21
1 15 19
0
1 14 22
1 16 20
1 15 22
2 13 21 18 21
0
0
1 17 19
0
0
0
0
0
0
0
0
0
0
0
0
0
1 16 14
0
0
0
0
0
0
0
0
0
0
0
0
0
0
0
0
0
0
0
0
1 18 2
1 16 3
0
0
1 14 1
0
1 15 2
1 11 0
0
0
1 12 2
1 10 1
1 11 4
0
1 12 3
1 10 5
2 9 6 9 0
2 8 4 8 2
2 7 4 7 2
2 6 6 6 0
1 4 4
2 7 5 5 5
0
0
0
0
0
0
1 8 5
0
0
0
0
0
1 5 2
1 4 2
2 3 6 3 0
1 1 4
1 4 5
0
0
1 2 2
1 4 1
0
2 1 2 1 0
1 0 0
0
0
0
0
1 1 7
0
1 2 8
1 4 7
1 3 9
1 5 8
1 4 10
1 6 9
1 5 11
1 7 10
0
1 9 11
0
1 8 12
1 11 10
1 9 8
2 10 11 10 9
0
0
0
1 7 8
1 11 7
0
1 10 8
1 12 6
0
1 13 5
0
1 14 4
1 13 2
0
0
1 15 6
0
1 16 5
0
0
1 13 8
1 18 7
0
0
0
0
0
0
0
0
0
0
0
0
0
0
0
0
0
0
0
0
0
0
0
0
0
0
0
0
0
0
0
0
0
0
0
0
0
0
0
0
0
0
0
0
0
0
0
0
0
0
0
0
0
1 8 1
0
0
0
0
0
0
0
0
0
0
0
0
0
0
0
0
0
0
0
0
0
0
0
0
0
0
0
0
0
0
0
0
0
0
0
0
0
0
0
0
0
0
0
0
0
0
0
0
0
0
0
0
0
0
0
0
0
0
0
0
0
0
0
0
0
0
0
0
0
0
0
0
0
0
0
0
0
0
0
1 17 22
1 19 20
0
1 20 19
1 19 17
1 21 18
1 20 16
1 22 17
1 21 15
0
1 22 14
1 24 15
1 23 12
1 25 14
1 20 13
1 22 11
1 21 14
0
0
0
0
0
0
0
0
0
0
0
0
0
0
0
0
0
1 15 18
0
0
0
0
0
0
0
0
0
0
0
0
0
0
0
0
0
0
0
0
0
0
0
0
0
0
0
0
0
0
0
0
0
0
0
0
0
0
0
0
0
0
0
0
0
0
0
0
0
0
0
0
0
0
0
0
0
0
0
0
0
